1465565699,98.9700,99.1000,98.7800,98.7900,2050000
1465565999,98.8800,99.0650,98.8564,98.9500,778300
1465566240,99.0450,99.0500,98.8000,98.8600,649000
1465566542,98.8400,99.0500,98.7800,99.0401,518600
1465566840,98.6400,98.8400,98.5700,98.8300,879600
1465567140,98.5900,98.7500,98.5753,98.6500,643900
1465567498,98.5300,98.6400,98.4800,98.6200,920900
1465567740,98.6700,98.7150,98.5000,98.5342,645300
1465568044,98.6600,98.7500,98.5950,98.6747,355800
1465568340,98.7610,98.8000,98.6300,98.6500,469000
1465568642,98.8800,98.9000,98.7400,98.7668,776800
1465568999,98.8400,98.9200,98.8100,98.8800,360400
1465569241,98.9400,98.9900,98.8300,98.8500,519400
1465569540,98.9000,98.9600,98.8500,98.9450,286700
1465569840,98.8699,98.9200,98.8000,98.8900,259500
1465570142,98.8300,98.8700,98.7750,98.8700,312700
1465570444,98.7700,98.8900,98.7550,98.8300,341500
1465570798,98.7900,98.8200,98.7400,98.7720,368700
1465571098,98.8200,98.8400,98.7590,98.7900,140500
1465571340,98.9400,98.9600,98.8000,98.8200,497300
1465571640,98.9800,99.0000,98.9200,98.9600,319000
1465571940,98.9800,98.9880,98.9200,98.9800,191500
1465572242,99.0600,99.0600,98.9600,98.9880,413400
1465572598,98.9800,99.0900,98.9500,99.0600,294200
1465572898,99.0200,99.1200,98.9750,98.9750,265600
1465573142,99.0900,99.1300,99.0200,99.0211,202100
1465573498,99.0600,99.1200,99.0400,99.0900,208200
1465573742,99.0600,99.1000,99.0500,99.0700,133500
1465574041,99.0770,99.1000,99.0100,99.0700,193300
1465574340,99.0299,99.0900,99.0100,99.0800,132300
1465574640,98.9600,99.0600,98.9400,99.0290,217000
1465574940,98.9000,98.9600,98.8250,98.9600,280500
1465575297,98.8801,98.9100,98.8100,98.8900,268400
1465575599,98.8700,98.8800,98.8200,98.8793,251900
1465575897,98.9440,98.9700,98.8400,98.8650,185700
1465576140,99.0200,99.0300,98.9200,98.9400,230800
1465576440,99.0200,99.0400,98.9500,99.0200,175300
1465576799,99.1593,99.1800,99.0300,99.0300,316300
1465577040,99.2500,99.2600,99.1300,99.1550,309500
1465577399,99.2800,99.3457,99.1700,99.2510,460700
1465577642,99.2850,99.3300,99.2500,99.2700,240000
1465577943,99.2900,99.3400,99.2700,99.2866,229700
1465578243,99.2300,99.2969,99.2000,99.2900,215900
1465578599,99.1700,99.2400,99.1500,99.2323,357800
1465578841,99.2200,99.2500,99.1600,99.1700,485500
1465579141,99.2400,99.3000,99.2000,99.2300,177100
1465579440,99.2850,99.3000,99.2100,99.2400,139600
1465579799,99.1799,99.3000,99.1700,99.2900,148800
1465580098,99.0800,99.2000,99.0500,99.1750,294900
1465580399,99.0400,99.1100,99.0300,99.0800,291000
1465580699,99.0520,99.1023,99.0300,99.0400,274400
1465580999,98.9400,99.0598,98.9200,99.0598,418000
1465581241,98.9599,98.9700,98.9100,98.9300,251500
1465581599,98.9600,99.0300,98.9000,98.9600,311400
1465581842,98.9900,99.0100,98.8900,98.9501,231300
1465582199,98.9700,99.0200,98.9300,98.9800,233200
1465582440,98.9500,99.0300,98.9500,98.9700,223500
1465582740,98.8900,98.9800,98.8800,98.9500,160200
1465583041,98.9800,98.9800,98.8700,98.8900,285000
1465583346,98.9200,98.9900,98.9000,98.9800,161700
1465583640,98.9138,98.9400,98.8900,98.9290,183700
1465583941,98.9930,99.0000,98.8900,98.9101,201100
1465584240,98.9800,98.9900,98.9300,98.9801,173400
1465584542,98.9300,98.9799,98.8800,98.9799,164300
1465584842,98.9600,98.9700,98.8900,98.9380,142800
1465585140,98.9900,99.0000,98.9300,98.9670,183900
1465585499,98.9300,99.0000,98.9000,98.9916,239300
1465585740,98.9350,98.9800,98.9200,98.9300,161600
1465586040,98.8100,98.9400,98.8000,98.9300,905900
1465586398,98.8850,98.9200,98.7900,98.8100,256900
1465586640,98.9200,98.9400,98.8700,98.8900,349500
1465586997,99.0133,99.0300,98.9000,98.9200,285400
1465587240,99.0150,99.1100,99.0100,99.0200,344000
1465587540,98.9950,99.0600,98.9400,99.0100,302400
1465587840,98.8900,99.0000,98.8800,98.9900,330300
1465588140,99.0039,99.0500,98.8900,98.8900,560400
1465588499,98.8499,99.0050,98.8300,98.9650,908100
1465588740,98.8600,98.9500,98.8000,98.8500,4023000
1465588800,98.8300,98.8300,98.8300,98.8300,0
1465824899,98.8199,99.1200,98.5900,98.5900,0
1465825199,98.0700,98.8400,98.0500,98.8334,1016200
1465825442,97.6900,98.0900,97.6800,98.0800,1278400
1465825799,97.9500,98.0000,97.6500,97.6700,813400
1465826099,97.8300,98.0900,97.8000,97.9500,789300
1465826399,97.6800,97.8600,97.5300,97.8300,909200
1465826640,97.3800,97.8700,97.3700,97.6800,897600
1465826940,97.2500,97.5100,97.2000,97.3899,804100
1465827244,97.2500,97.3900,97.2200,97.2476,613400
1465827540,97.1800,97.3700,97.1500,97.2601,816800
1465827899,97.1600,97.2700,97.1000,97.1700,626000
1465828148,97.3150,97.3550,97.1100,97.1600,572000
1465828499,97.4550,97.5300,97.3000,97.3100,639300
1465828740,97.5600,97.7100,97.4500,97.4500,728300
1465829041,97.6950,97.7200,97.5100,97.5550,495200
1465829342,97.6900,97.8450,97.6600,97.6970,645900
1465829699,97.7301,97.7301,97.5500,97.6801,404100
1465829940,97.6310,97.8250,97.6300,97.7400,437000
1465830242,97.6300,97.6597,97.5400,97.6425,278800
1465830540,97.7201,97.7500,97.6100,97.6200,246100
1465830898,97.8400,97.8500,97.6900,97.7200,307100
1465831140,97.7511,97.8900,97.7511,97.8399,301000
1465831499,97.6900,97.8300,97.6700,97.7500,295200
1465831742,97.7000,97.7700,97.6100,97.6800,434400
1465832040,97.6800,97.7600,97.6600,97.7000,391900
1465832399,97.5400,97.7600,97.5300,97.6707,299500
1465832644,97.6300,97.6800,97.5443,97.5450,257200
1465832999,97.5300,97.6700,97.4891,97.6200,498800
1465833299,97.4400,97.5443,97.4000,97.5300,447600
1465833599,97.4700,97.5099,97.4100,97.4500,370600
1465833899,97.5050,97.5500,97.4000,97.4600,346900
1465834140,97.4100,97.5400,97.4099,97.5050,261700
1465834440,97.4300,97.4700,97.4000,97.4000,452100
1465834745,97.3800,97.4700,97.3600,97.4301,238000
1465835098,97.4300,97.5500,97.3300,97.3700,424100
1465835399,97.3400,97.4800,97.3300,97.4257,284300
1465835697,97.3880,97.4200,97.3200,97.3466,330500
1465835998,97.5000,97.5400,97.3800,97.3899,250000
1465836240,97.5660,97.6400,97.4900,97.4950,351400
1465836599,97.4900,97.6000,97.4200,97.5600,203000
1465836841,97.4900,97.5400,97.4800,97.4839,164300
1465837140,97.5600,97.6400,97.4900,97.4900,257000
1465837441,97.5007,97.6100,97.4800,97.5700,265900
1465837744,97.5653,97.5801,97.4600,97.5099,253300
1465838040,97.5000,97.5700,97.4500,97.5650,201900
1465838399,97.4600,97.5200,97.4150,97.5000,350800
1465838647,97.5000,97.5600,97.4500,97.4500,170600
1465838942,97.5800,97.5999,97.4800,97.4900,219800
1465839299,97.5300,97.6300,97.5200,97.5800,303100
1465839541,97.4600,97.5390,97.4100,97.5300,268900
1465839844,97.5000,97.5000,97.3800,97.4500,276800
1465840140,97.4501,97.5000,97.4200,97.4887,209000
1465840440,97.4050,97.4900,97.4000,97.4501,258800
1465840799,97.3700,97.4410,97.3475,97.4100,314600
1465841097,97.3550,97.4000,97.2500,97.3635,498300
1465841340,97.4900,97.5443,97.3500,97.3500,205000
1465841646,97.6875,97.7200,97.4800,97.4950,425300
1465841940,97.5900,97.6800,97.5600,97.6800,245600
1465842240,97.5800,97.6200,97.5000,97.5900,596700
1465842598,97.6850,97.6900,97.5600,97.5900,311600
1465842899,97.9543,98.0500,97.6500,97.6835,648900
1465843147,97.8750,98.0000,97.8300,97.9527,464500
1465843440,97.9600,98.0000,97.8600,97.8800,397800
1465843799,97.7800,97.9700,97.7650,97.9590,311100
1465844099,97.7089,97.7900,97.6400,97.7750,421100
1465844342,97.7400,97.7700,97.6507,97.7001,318300
1465844640,97.6999,97.8199,97.6300,97.7500,349800
1465844940,97.4900,97.6953,97.4700,97.6938,478300
1465845299,97.5600,97.6100,97.4600,97.4926,326100
1465845540,97.6466,97.6550,97.5400,97.5600,280700
1465845898,97.5999,97.6800,97.5801,97.6400,274800
1465846141,97.5899,97.6900,97.5100,97.6000,311200
1465846440,97.5800,97.6600,97.5500,97.5842,330700
1465846799,97.5700,97.6000,97.4500,97.5800,371900
1465847099,97.4300,97.5600,97.3900,97.5600,426200
1465847399,97.3400,97.4700,97.3000,97.4300,573900
1465847699,97.3000,97.3700,97.2400,97.3100,656200
1465847940,97.3400,97.4200,97.2400,97.2900,3814700
1465848000,97.3400,97.3400,97.3400,97.3400,0
1465911240,97.8750,98.0000,97.3955,97.4300,0
1465911541,98.1800,98.2600,97.8600,97.9000,958900
1465911899,98.3200,98.4750,98.1900,98.1900,876600
1465912140,98.2200,98.3750,98.0600,98.3599,673400
1465912499,98.4000,98.4000,98.1210,98.2200,539700
1465912741,98.3328,98.4400,98.2500,98.3950,471400
1465913041,98.2400,98.4300,98.1800,98.3300,447700
1465913399,98.0400,98.2700,98.0100,98.2700,518300
1465913640,98.0357,98.1700,97.9600,98.0400,508700
1465913940,97.6950,98.0600,97.6800,98.0400,689600
1465914240,97.7100,97.8450,97.5950,97.7000,596500
1465914542,97.6300,97.7200,97.5710,97.7000,490900
1465914898,97.7367,97.7500,97.5900,97.6300,556300
1465915141,97.5960,97.7700,97.4234,97.7250,668800
1465915440,97.5400,97.6700,97.5300,97.5960,364400
1465915799,97.3138,97.5499,97.1600,97.5400,701700
1465916097,97.2300,97.3500,97.2100,97.3100,346900
1465916399,97.0300,97.2400,96.9500,97.2000,704400
1465916640,97.0400,97.1100,96.9500,97.0300,517300
1465916942,97.1900,97.2000,97.0000,97.0336,488600
1465917241,97.0100,97.1900,97.0000,97.1873,389200
1465917540,96.9900,97.0300,96.8500,97.0100,406600
1465917840,96.9800,97.0500,96.8900,96.9900,334000
1465918199,96.8400,97.0000,96.7700,96.9765,527300
1465918499,96.8406,96.9050,96.7500,96.8400,467300
1465918742,96.9350,96.9800,96.8500,96.8500,402200
1465919040,97.0100,97.0700,96.8900,96.9100,513800
1465919340,97.0300,97.0900,96.9805,97.0000,300000
1465919643,97.0010,97.0300,96.9500,97.0061,230800
1465919941,96.8600,97.0200,96.8500,97.0000,255800
1465920299,97.0300,97.0620,96.8550,96.8600,302700
1465920541,96.9372,97.0300,96.9150,97.0293,175200
1465920841,97.0300,97.0700,96.9250,96.9400,207400
1465921195,96.9838,97.0759,96.9600,97.0400,174300
1465921441,97.1000,97.1100,96.9600,96.9900,287400
1465921740,97.2500,97.2900,97.0900,97.0900,484400
1465922041,97.2500,97.2600,97.1800,97.2500,202900
1465922340,97.4053,97.4300,97.2350,97.2500,333000
1465922641,97.3940,97.4100,97.3300,97.4030,235300
1465922999,97.3900,97.4000,97.3000,97.3909,219000
1465923240,97.4300,97.4500,97.3700,97.3900,157600
1465923599,97.2899,97.4800,97.2400,97.4300,290000
1465923841,97.3170,97.3699,97.2701,97.2900,288200
1465924140,97.1900,97.3100,97.1653,97.3043,180500
1465924441,97.1200,97.1900,97.1000,97.1900,177500
1465924740,97.1011,97.1400,97.0300,97.1200,234600
1465925046,97.1450,97.1700,97.1000,97.1100,136700
1465925343,97.0450,97.1500,97.0300,97.1466,183100
1465925640,97.1550,97.1800,97.0300,97.0500,330500
1465925944,97.0701,97.1800,97.0500,97.1500,185400
1465926242,97.0401,97.0800,97.0000,97.0700,243200
1465926598,97.0200,97.1000,97.0000,97.0450,193000
1465926843,96.9150,97.0200,96.8900,97.0200,275300
1465927199,96.9550,96.9900,96.8700,96.9199,185700
1465927440,97.0000,97.0566,96.9300,96.9500,196700
1465927742,97.0800,97.1000,97.0000,97.0000,211100
1465928099,97.1240,97.1500,97.0150,97.0898,174800
1465928340,97.2147,97.2550,97.0900,97.1200,264200
1465928699,97.2400,97.2500,97.1200,97.2101,184800
1465928941,97.2800,97.3099,97.1655,97.2364,179500
1465929299,97.1550,97.3000,97.1100,97.2735,230000
1465929598,97.1980,97.2000,97.0900,97.1600,199300
1465929899,97.2300,97.2899,97.1800,97.1900,215000
1465930141,97.1100,97.2800,97.0701,97.2300,203700
1465930440,97.0300,97.1400,96.9650,97.1200,305800
1465930798,97.0000,97.0473,96.9200,97.0200,292800
1465931040,97.1000,97.1400,96.9400,97.0000,321100
1465931399,97.3400,97.4000,97.1100,97.1100,438900
1465931698,97.4300,97.4500,97.2920,97.3432,316100
1465931940,97.4300,97.5200,97.4100,97.4300,421800
1465932241,97.3900,97.5300,97.3900,97.4234,365700
1465932599,97.5000,97.5300,97.3500,97.3900,294600
1465932841,97.5400,97.5900,97.4400,97.5100,452100
1465933140,97.5000,97.5600,97.4310,97.5300,428800
1465933499,97.5265,97.5800,97.4250,97.5000,422900
1465933799,97.4250,97.5150,97.3300,97.5150,529200
1465934042,97.4300,97.4550,97.3550,97.4100,433400
1465934340,97.4400,97.4800,97.3900,97.4300,2654100
1465934400,97.4600,97.4600,97.4600,97.4600,0
1465997699,97.9338,98.1000,97.8100,97.8300,0
1465997998,98.2492,98.2900,97.9000,97.9300,769900
1465998240,98.1000,98.4100,97.9807,98.2950,908100
1465998541,98.2000,98.2600,97.9943,98.0900,646200
1465998841,98.1100,98.2600,98.0793,98.2100,421200
1465999141,97.9700,98.1200,97.9200,98.1200,732200
1465999440,98.1939,98.2700,97.9900,97.9900,466500
1465999740,98.2730,98.2900,98.1300,98.1950,390000
1466000044,98.2200,98.2800,98.1300,98.2700,275700
1466000399,98.1050,98.2200,98.0600,98.2200,348400
1466000699,98.0090,98.1480,98.0000,98.1050,242300
1466000942,97.9857,98.0400,97.9100,98.0035,290900
1466001241,98.0800,98.1039,97.9400,98.0200,326100
1466001599,98.0800,98.0900,98.0100,98.0805,219800
1466001841,98.0401,98.0800,97.9500,98.0700,304000
1466002199,98.1600,98.1900,98.0400,98.0440,331200
1466002499,98.2071,98.2899,98.1600,98.1600,305700
1466002799,98.2100,98.2300,98.1500,98.2020,322100
1466003098,98.1994,98.2600,98.1587,98.2053,255800
1466003340,98.3200,98.3700,98.1900,98.2000,331700
1466003640,98.3300,98.3900,98.3100,98.3200,284600
1466003999,98.3400,98.3550,98.2800,98.3200,224800
1466004241,98.3600,98.4100,98.3100,98.3500,276600
1466004599,98.1500,98.3760,98.1300,98.3700,235700
1466004897,98.1100,98.2000,98.0900,98.1400,256100
1466005141,98.1400,98.1800,98.0700,98.1100,201900
1466005442,98.1650,98.1858,98.1000,98.1400,149800
1466005798,98.1100,98.1700,98.1000,98.1600,184900
1466006099,98.1700,98.2000,98.1100,98.1290,221300
1466006340,98.2400,98.2400,98.1300,98.1700,158500
1466006696,98.1300,98.2300,98.1200,98.2261,178200
1466006940,98.0250,98.1500,98.0250,98.1400,187300
1466007299,98.0150,98.0800,98.0000,98.0399,249300
1466007598,98.0700,98.0800,98.0000,98.0200,146700
1466007841,98.0272,98.1100,98.0200,98.0700,190500
1466008141,98.0600,98.0800,98.0200,98.0200,145000
1466008440,98.0210,98.1100,98.0100,98.0550,172700
1466008797,97.9800,98.0300,97.9550,98.0200,210300
1466009040,98.0200,98.0300,97.9200,97.9700,202200
1466009341,97.9600,98.0300,97.9500,98.0243,188800
1466009699,97.8600,97.9600,97.8300,97.9500,269200
1466009940,97.7800,97.9000,97.7700,97.8600,257500
1466010297,97.8100,97.8800,97.7700,97.7801,155000
1466010599,97.8100,97.8400,97.7900,97.8143,156200
1466010899,97.7400,97.8200,97.7200,97.8123,214900
1466011143,97.7200,97.7700,97.6900,97.7300,169000
1466011499,97.7401,97.7650,97.6600,97.7223,177900
1466011799,97.8399,97.8501,97.7211,97.7500,155400
1466012094,97.8700,97.9000,97.8200,97.8300,145200
1466012341,97.9200,97.9300,97.8200,97.8600,151600
1466012699,98.0500,98.0600,97.8700,97.9200,267700
1466012940,98.0000,98.0500,97.9500,98.0500,145600
1466013245,97.9800,98.0300,97.9500,98.0058,134700
1466013599,97.8900,97.9900,97.8700,97.9700,180700
1466013899,98.1100,98.2000,97.9700,98.0500,591900
1466014141,97.9900,98.2100,97.9200,98.1226,491200
1466014499,97.9600,98.0900,97.8900,97.9900,296800
1466014740,97.9600,98.0700,97.9100,97.9500,285900
1466015099,97.9900,98.0100,97.8700,97.9700,234900
1466015340,97.8699,98.0301,97.8600,98.0000,262500
1466015640,97.9000,97.9500,97.7500,97.8600,337000
1466015942,97.8101,97.9300,97.7900,97.9000,218000
1466016298,97.8900,97.9000,97.7700,97.8150,255800
1466016599,97.8900,97.9800,97.8200,97.8800,244400
1466016899,97.7653,97.9000,97.7500,97.9000,267100
1466017140,97.8199,97.8700,97.7500,97.7661,189500
1466017441,97.7600,97.8500,97.7200,97.8100,203500
1466017799,97.7300,97.8050,97.7200,97.7640,219200
1466018097,97.7500,97.7800,97.6700,97.7300,293700
1466018340,97.7150,97.7700,97.5807,97.7500,379600
1466018641,97.7900,97.8300,97.6800,97.7200,271300
1466018941,97.7400,97.8000,97.6700,97.7957,216000
1466019240,97.6764,97.7500,97.6500,97.7300,241600
1466019541,97.4200,97.6856,97.4100,97.6700,576400
1466019898,97.2500,97.4843,97.2300,97.4000,549100
1466020140,97.2950,97.3300,97.1100,97.2100,673100
1466020498,97.1200,97.2900,97.0300,97.2900,775700
1466020740,97.2000,97.2200,97.0500,97.1200,5665500
1466020800,97.1400,97.1400,97.1400,97.1400,40300
1466084096,96.5100,96.7167,96.2700,96.2900,0
1466084399,96.4524,96.5199,96.3200,96.5100,706300
1466084640,96.3500,96.5400,96.3300,96.4500,531300
1466084999,96.4900,96.5000,96.2000,96.3501,816200
1466085241,96.4700,96.5400,96.4000,96.4900,491800
1466085540,96.4400,96.4800,96.2800,96.4500,604400
1466085840,96.3800,96.4710,96.2800,96.4310,521900
1466086142,96.6035,96.6900,96.3800,96.3800,480900
1466086441,96.7201,96.7600,96.5100,96.5900,668900
1466086799,96.4300,96.7400,96.4300,96.7300,462700
1466087042,96.3490,96.5100,96.2901,96.4200,406900
1466087340,96.3200,96.3700,96.2600,96.3401,358200
1466087642,96.1698,96.3100,96.1400,96.3000,530900
1466087999,96.1100,96.2500,96.0700,96.1700,389600
1466088241,96.2501,96.3400,96.1050,96.1150,569600
1466088543,96.3100,96.3900,96.2500,96.2600,441600
1466088899,96.3200,96.3400,96.2400,96.3050,356900
1466089141,96.3000,96.3342,96.2300,96.3200,285900
1466089440,96.4163,96.4340,96.2600,96.2900,408500
1466089741,96.3800,96.4600,96.3500,96.4099,308600
1466090040,96.4300,96.5000,96.3300,96.3900,225800
1466090399,96.2200,96.4400,96.2000,96.4300,298000
1466090696,96.3200,96.3200,96.1850,96.2300,579800
1466090999,96.5200,96.5500,96.3000,96.3200,342900
1466091242,96.4300,96.5900,96.3900,96.5200,359600
1466091599,96.4900,96.5500,96.3901,96.4300,244500
1466091843,96.4100,96.5300,96.3900,96.5000,187200
1466092142,96.3800,96.4550,96.3800,96.4105,192000
1466092499,96.4799,96.5000,96.3800,96.3800,184900
1466092799,96.4000,96.4800,96.3337,96.4800,224300
1466093043,96.4300,96.4500,96.3500,96.4000,197000
1466093340,96.4039,96.4760,96.3800,96.4750,114300
1466093641,96.4300,96.4500,96.3600,96.4100,190500
1466093940,96.5993,96.6000,96.3700,96.4300,303300
1466094240,96.7705,96.8000,96.5800,96.6000,423500
1466094540,96.7600,96.8500,96.7137,96.7800,488600
1466094840,96.7220,96.8008,96.6400,96.7900,243600
1466095199,96.8899,96.9300,96.7100,96.7200,305500
1466095497,96.9900,96.9900,96.8300,96.8900,448200
1466095798,97.0300,97.0300,96.9200,96.9900,378500
1466096099,96.9600,97.0800,96.8700,97.0300,349400
1466096341,97.0788,97.1000,96.9100,96.9550,245900
1466096698,97.1542,97.2399,97.0538,97.0790,377600
1466096999,97.2400,97.2500,97.0780,97.1600,257400
1466097298,97.2440,97.3500,97.1800,97.2301,341500
1466097599,97.3800,97.4000,97.2300,97.2500,288100
1466097899,97.3600,97.4600,97.2600,97.3800,354300
1466098193,97.3442,97.4800,97.3000,97.3500,296000
1466098499,97.3100,97.3900,97.2300,97.3500,344900
1466098740,97.5100,97.5100,97.2800,97.3200,261500
1466099099,97.4800,97.5300,97.4200,97.5100,373300
1466099398,97.2700,97.4900,97.1800,97.4800,498400
1466099640,97.1800,97.3000,97.1100,97.2800,704200
1466099940,97.1548,97.2100,97.1200,97.1700,340800
1466100298,97.1800,97.2758,97.1100,97.1600,394500
1466100540,97.1300,97.2100,97.1000,97.1900,277900
1466100840,97.2800,97.3000,97.1000,97.1300,361200
1466101199,97.4301,97.4700,97.2800,97.2900,238000
1466101440,97.3800,97.4400,97.3300,97.4400,214300
1466101797,97.3037,97.4300,97.2100,97.3800,246800
1466102099,97.3200,97.3600,97.2700,97.3100,228000
1466102340,97.3500,97.3900,97.3100,97.3200,248400
1466102697,97.4201,97.4300,97.3200,97.3500,153200
1466102940,97.4700,97.4700,97.3500,97.4300,215800
1466103240,97.5600,97.5700,97.3600,97.4700,302800
1466103540,97.5000,97.5870,97.4700,97.5600,254600
1466103840,97.5300,97.5700,97.4800,97.5000,201300
1466104140,97.5137,97.5500,97.4200,97.5400,190000
1466104441,97.5600,97.6100,97.4800,97.5200,238800
1466104799,97.6300,97.6800,97.5000,97.5700,369500
1466105041,97.6200,97.6700,97.5200,97.6300,273300
1466105399,97.6100,97.6600,97.5400,97.6200,408200
1466105641,97.7000,97.7300,97.6100,97.6100,370000
1466105999,97.6376,97.7300,97.5420,97.7100,369000
1466106299,97.6100,97.7000,97.5800,97.6400,395900
1466106540,97.6200,97.7500,97.5300,97.6000,532500
1466106899,97.5998,97.6600,97.5500,97.6150,462300
1466107199,97.5700,97.6900,97.5000,97.5900,1010300
1466107200,97.5650,97.5650,97.5650,97.5650,1065300
1466170499,96.2200,96.5500,96.0000,96.4300,0
1466170799,95.9299,96.2300,95.8500,96.2020,1576000
1466171040,96.2300,96.2800,95.8700,95.9200,1154900
1466171340,96.1000,96.2900,96.0658,96.2200,739900
1466171640,95.9600,96.1200,95.9100,96.1000,967100
1466171999,96.1200,96.1301,95.9500,95.9600,544300
1466172240,96.0100,96.1800,95.9900,96.1100,593700
1466172541,95.8950,96.1000,95.8000,96.0150,1110100
1466172899,95.8200,96.0800,95.6500,95.8967,1205500
1466173140,95.9300,95.9700,95.7700,95.8100,673900
1466173499,95.7100,95.9400,95.6500,95.9300,649100
1466173799,95.6258,95.7300,95.5900,95.7100,658700
1466174040,95.4457,95.6300,95.4200,95.6200,1047100
1466174340,95.6200,95.6700,95.4400,95.4450,708200
1466174640,95.6057,95.6500,95.5500,95.6250,466800
1466174999,95.4811,95.6400,95.4800,95.6000,510600
1466175241,95.4201,95.5000,95.3550,95.4800,881500
1466175599,95.5900,95.6100,95.3750,95.4240,796800
1466175899,95.4600,95.6000,95.4000,95.5900,527900
1466176199,95.5600,95.6100,95.3700,95.4600,514500
1466176441,95.5500,95.6000,95.4475,95.5600,516800
1466176799,95.7800,95.9100,95.5300,95.5542,800800
1466177099,95.6600,95.7900,95.6300,95.7750,442900
1466177341,95.5700,95.7599,95.5600,95.6539,755000
1466177641,95.6150,95.6700,95.5100,95.5700,351100
1466177999,95.6201,95.6701,95.5202,95.6100,359000
1466178298,95.6490,95.7000,95.6039,95.6200,261800
1466178540,95.6800,95.7400,95.6000,95.6450,467700
1466178841,95.6600,95.7500,95.6500,95.6950,332600
1466179199,95.6241,95.6600,95.5250,95.6600,370400
1466179499,95.6300,95.6800,95.6000,95.6250,243900
1466179799,95.7562,95.7800,95.6200,95.6400,241900
1466180040,95.7757,95.7940,95.7300,95.7501,235600
1466180399,95.8168,95.8300,95.7500,95.7784,368600
1466180640,95.8700,95.9000,95.8100,95.8190,317100
1466180998,95.8600,95.8800,95.7750,95.8700,246900
1466181241,95.7500,95.8700,95.7200,95.8700,220700
1466181540,95.8162,95.8500,95.7300,95.7500,238100
1466181899,95.7800,95.8600,95.7600,95.8111,150800
1466182198,95.6500,95.8000,95.6200,95.7800,218900
1466182499,95.6756,95.6900,95.5750,95.6500,307200
1466182799,95.6500,95.6701,95.6100,95.6700,231200
1466183040,95.5500,95.6600,95.5100,95.6500,315900
1466183399,95.8000,95.8043,95.5500,95.5500,306800
1466183641,95.8200,95.8300,95.7100,95.8000,235100
1466183999,95.8661,95.9000,95.7900,95.8243,326500
1466184299,95.8900,95.9100,95.8400,95.8690,223800
1466184599,95.8500,95.9800,95.8400,95.8810,250900
1466184846,95.8087,95.8600,95.7700,95.8400,198000
1466185199,95.8200,95.8250,95.7600,95.8022,195400
1466185440,95.8700,95.9100,95.8100,95.8100,213800
1466185740,95.9310,95.9400,95.8750,95.8800,201400
1466186099,95.8600,95.9700,95.8500,95.9400,214800
1466186343,95.8300,95.8900,95.7800,95.8508,191600
1466186640,95.7713,95.9200,95.7600,95.8200,313400
1466186999,95.7481,95.7747,95.6600,95.7700,292000
1466187240,95.7600,95.8108,95.7300,95.7500,190100
1466187549,95.7400,95.8600,95.7300,95.7600,171600
1466187899,95.7950,95.8600,95.7000,95.7400,276600
1466188199,95.7700,95.8490,95.7500,95.7909,188800
1466188440,95.8473,95.9100,95.7300,95.7675,258600
1466188740,95.8200,95.8900,95.7800,95.8490,210100
1466189040,95.8800,95.9100,95.7400,95.8257,319100
1466189340,95.8500,95.9100,95.8400,95.8900,224100
1466189699,95.8714,95.8900,95.8000,95.8500,259700
1466189999,95.8162,95.8887,95.7400,95.8800,234600
1466190240,95.7700,95.8500,95.7400,95.8150,212500
1466190598,95.6400,95.7800,95.6400,95.7700,356600
1466190841,95.5500,95.6800,95.5400,95.6600,545200
1466191140,95.5610,95.6100,95.5100,95.5400,388700
1466191442,95.5900,95.6000,95.5000,95.5700,403000
1466191740,95.5800,95.6500,95.5600,95.5967,308000
1466192040,95.6000,95.6300,95.5400,95.5800,389000
1466192399,95.5300,95.6200,95.5300,95.6000,428800
1466192699,95.4200,95.5550,95.4000,95.5400,827100
1466192999,95.3857,95.4800,95.3700,95.4300,725800
1466193240,95.3250,95.4500,95.3100,95.4000,1017600
1466193540,95.3200,95.4200,95.3000,95.3300,15380600
1466193600,95.3300,95.3300,95.3300,95.3300,0
1466429642,96.0900,96.5700,96.0399,96.1800,0
1466429998,96.2899,96.3400,96.0600,96.1500,968800
1466430299,96.1100,96.3200,96.0400,96.2700,839700
1466430599,96.2400,96.2500,96.1050,96.1100,701300
1466430841,96.2001,96.4000,96.1800,96.2499,907400
1466431140,96.2901,96.3500,96.1500,96.2050,653100
1466431441,96.4900,96.4900,96.2600,96.3000,782300
1466431740,96.4400,96.5500,96.3800,96.4900,696500
1466432099,96.3535,96.4600,96.3200,96.4400,464300
1466432399,96.2000,96.4000,96.1700,96.3535,630800
1466432641,96.2000,96.2600,96.1200,96.1950,420900
1466432999,96.2350,96.2600,96.1200,96.2000,425200
1466433299,96.3450,96.3500,96.2200,96.2400,478800
1466433543,96.3200,96.3800,96.2450,96.3700,427300
1466433899,96.2800,96.3800,96.2500,96.3400,287900
1466434140,96.3050,96.3300,96.2200,96.2900,464500
1466434499,96.2990,96.3200,96.2600,96.3100,267400
1466434740,96.2300,96.3600,96.2200,96.3000,378200
1466435040,96.1599,96.2490,96.1400,96.2200,661000
1466435341,96.1350,96.1762,96.0800,96.1600,441500
1466435699,96.1210,96.2000,96.0900,96.1500,295500
1466435999,96.0882,96.1300,96.0600,96.1202,335400
1466436299,96.0900,96.1350,96.0450,96.0862,339200
1466436599,95.9950,96.1200,95.9600,96.0901,542600
1466436899,95.8600,96.0057,95.8000,96.0000,548300
1466437199,95.8700,95.9000,95.8100,95.8690,394600
1466437442,95.8200,95.8800,95.7700,95.8638,383900
1466437740,95.7900,95.9100,95.7600,95.8225,322000
1466438099,95.7143,95.8500,95.7100,95.7900,431000
1466438399,95.7600,95.7650,95.6200,95.7150,327100
1466438699,95.8550,95.8700,95.7400,95.7635,352800
1466438999,95.7900,95.8700,95.7700,95.8550,232500
1466439240,95.8108,95.8300,95.7400,95.8000,192300
1466439540,95.8090,95.8400,95.7600,95.8100,249800
1466439840,95.9134,95.9500,95.7900,95.7969,452700
1466440198,95.9400,95.9600,95.9100,95.9150,307100
1466440443,95.9500,95.9800,95.9000,95.9400,347400
1466440743,95.8702,95.9600,95.8700,95.9500,184600
1466441098,95.8700,95.9000,95.8400,95.8760,211900
1466441340,95.9210,95.9400,95.8300,95.8701,269700
1466441641,95.9400,95.9600,95.8950,95.9200,170800
1466441946,95.9699,95.9900,95.9350,95.9400,157000
1466442299,96.0000,96.0400,95.9600,95.9700,242900
1466442555,95.9700,96.0200,95.9400,96.0066,232200
1466442899,95.8500,95.9700,95.8500,95.9600,253200
1466443199,95.8590,95.8999,95.8350,95.8417,268000
1466443497,95.9600,95.9600,95.8300,95.8500,319000
1466443799,95.9100,95.9590,95.8800,95.9590,169500
1466444040,95.9316,95.9600,95.8600,95.9062,156800
1466444398,95.9600,95.9900,95.9000,95.9300,180300
1466444640,96.0400,96.0500,95.9500,95.9700,195500
1466444999,96.0100,96.0700,96.0100,96.0300,220600
1466445240,96.0100,96.0600,95.9800,96.0192,203300
1466445540,95.9500,96.0200,95.9400,96.0000,227900
1466445840,95.9710,96.0200,95.9100,95.9520,319900
1466446199,95.9299,95.9800,95.9100,95.9800,186700
1466446444,95.8600,95.9500,95.8600,95.9201,216100
1466446743,95.9200,95.9544,95.8600,95.8901,215100
1466447040,95.8500,95.9158,95.8300,95.9158,173400
1466447399,95.7800,95.8599,95.7500,95.8500,213100
1466447640,95.8740,95.9100,95.7690,95.7800,281000
1466447997,95.8900,95.9189,95.8500,95.8800,157100
1466448243,95.9010,95.9400,95.8500,95.8900,211200
1466448540,95.9600,95.9700,95.8905,95.9041,226600
1466448899,95.9150,95.9800,95.9000,95.9700,206100
1466449199,95.8700,95.9500,95.8600,95.9200,231600
1466449499,95.8700,95.8900,95.8000,95.8700,301500
1466449744,95.8500,95.8700,95.7700,95.8700,269600
1466450040,95.7511,95.8500,95.7200,95.8500,296100
1466450398,95.5989,95.7500,95.5500,95.7500,499900
1466450640,95.5200,95.6500,95.5100,95.6000,363700
1466450999,95.2949,95.5300,95.2700,95.5250,799000
1466451240,95.3650,95.4600,95.2700,95.2920,578200
1466451540,95.4250,95.4700,95.3400,95.3700,408800
1466451899,95.4202,95.5300,95.3600,95.4200,395000
1466452142,95.2500,95.4300,95.2300,95.4300,545300
1466452440,95.0399,95.2500,95.0300,95.2500,958700
1466452740,95.1000,95.1700,95.0300,95.0300,3448700
1466452800,95.1000,95.1000,95.1000,95.1000,0
1466516099,95.5700,95.6700,94.8100,94.8800,0
1466516399,95.8699,95.9700,95.5700,95.5700,1180500
1466516699,95.9600,96.0290,95.7700,95.8600,1243600
1466516942,95.8500,95.9700,95.7600,95.9700,720200
1466517240,96.0700,96.0700,95.8200,95.8500,799100
1466517540,96.1098,96.1400,96.0200,96.0700,648700
1466517899,95.8200,96.1100,95.7700,96.0850,864200
1466518140,95.7600,95.8600,95.7300,95.8200,835700
1466518443,95.9700,95.9800,95.6900,95.7600,616300
1466518740,95.9550,95.9800,95.8592,95.9750,406500
1466519040,95.8555,95.9900,95.7100,95.9550,580200
1466519342,96.0100,96.0800,95.8500,95.8500,547600
1466519640,95.9810,96.1000,95.9300,96.0200,511800
1466519940,95.9500,96.0000,95.8600,96.0000,413200
1466520240,96.0500,96.0780,95.9200,95.9400,427700
1466520543,95.9843,96.0800,95.9100,96.0643,387000
1466520844,95.9900,96.0100,95.9100,95.9800,399200
1466521141,95.9200,96.0200,95.8700,95.9900,456500
1466521443,96.0539,96.0700,95.8600,95.9200,429500
1466521742,96.1600,96.2000,96.0300,96.0547,503400
1466522042,96.2899,96.2900,96.1300,96.1600,517600
1466522396,96.2500,96.3100,96.1810,96.2900,361700
1466522699,96.2150,96.2800,96.2000,96.2600,273400
1466522999,96.1300,96.2300,96.1200,96.2250,311300
1466523242,96.1200,96.1800,96.0400,96.1300,365900
1466523542,96.2000,96.2200,96.1200,96.1200,290900
1466523841,96.1800,96.2600,96.1750,96.2028,230000
1466524141,96.2300,96.2400,96.1300,96.1800,202000
1466524440,96.2500,96.3000,96.2000,96.2200,254300
1466524799,96.2800,96.3100,96.2100,96.2300,236300
1466525099,96.2300,96.2850,96.2000,96.2800,194400
1466525340,96.2400,96.2400,96.1200,96.2300,329700
1466525699,96.1507,96.2400,96.1200,96.2300,203100
1466525940,96.1250,96.2200,96.0900,96.1500,293100
1466526299,96.2200,96.2200,96.1100,96.1250,179500
1466526543,96.3200,96.3300,96.1000,96.2300,422900
1466526840,96.3101,96.3500,96.2400,96.3100,377500
1466527142,96.1900,96.3400,96.1700,96.3200,326000
1466527441,96.1000,96.2100,96.0800,96.1900,304500
1466527742,96.0750,96.1300,96.0500,96.1100,301800
1466528099,96.0700,96.0850,96.0050,96.0750,388700
1466528347,96.0950,96.1500,96.0600,96.0700,224200
1466528643,96.1500,96.1900,96.0800,96.0900,195400
1466528942,96.2000,96.2238,96.1300,96.1500,187600
1466529298,96.1500,96.2100,96.1100,96.1900,211200
1466529599,96.0909,96.1700,96.0900,96.1500,146200
1466529840,96.0575,96.1100,96.0200,96.1000,314900
1466530198,96.1129,96.1270,96.0400,96.0600,214500
1466530499,95.9100,96.1200,95.9100,96.1100,406800
1466530744,95.8700,95.9300,95.8200,95.9100,387400
1466531044,95.8700,95.9000,95.8000,95.8750,231600
1466531344,95.8400,95.9000,95.8000,95.8600,229500
1466531640,95.8400,95.8700,95.8000,95.8400,204900
1466531942,95.9034,95.9400,95.8000,95.8400,296600
1466532240,95.9490,95.9900,95.8500,95.9053,309200
1466532540,96.0000,96.0400,95.9150,95.9500,232500
1466532899,96.0325,96.0700,95.9900,96.0000,197100
1466533199,96.0600,96.0800,96.0100,96.0350,174900
1466533499,96.0557,96.1100,96.0100,96.0600,199300
1466533797,96.0443,96.1200,96.0300,96.0547,225300
1466534040,96.0600,96.1000,96.0000,96.0400,244900
1466534399,96.2250,96.2700,96.0400,96.0501,334700
1466534699,96.2100,96.2557,96.1600,96.2300,269600
1466534999,96.2199,96.2400,96.1700,96.2089,257200
1466535240,96.1550,96.2200,96.1500,96.2100,201700
1466535599,96.1400,96.2000,96.1400,96.1550,213700
1466535841,96.0400,96.1601,96.0000,96.1400,301700
1466536142,96.0200,96.0900,95.9890,96.0400,309000
1466536498,96.0843,96.1200,96.0200,96.0200,304600
1466536740,96.1800,96.2080,96.0884,96.0884,318100
1466537046,96.1850,96.2400,96.1300,96.1900,334300
1466537395,96.2400,96.2799,96.1600,96.1900,340300
1466537697,96.2000,96.2400,96.1300,96.2300,476200
1466537943,96.2600,96.2850,96.1700,96.1900,547000
1466538299,96.1300,96.2700,96.0900,96.2600,363400
1466538541,96.0950,96.2400,96.0900,96.1200,442700
1466538841,95.9900,96.1400,95.9700,96.0800,714200
1466539140,95.9300,96.0300,95.9000,95.9500,4163700
1466539200,95.9100,95.9100,95.9100,95.9100,0
1466602497,96.6000,96.6500,96.2600,96.3000,0
1466602742,96.6500,96.7400,96.5600,96.6100,737700
1466603099,96.8200,96.8900,96.6700,96.6800,852000
1466603399,96.7450,96.8100,96.6200,96.8100,449200
1466603640,96.7964,96.8200,96.6900,96.7475,370200
1466603999,96.6000,96.8157,96.6000,96.7900,332700
1466604240,96.6000,96.6900,96.5700,96.6150,353800
1466604546,96.5800,96.6300,96.4601,96.6000,406300
1466604840,96.7100,96.7200,96.5700,96.5800,577600
1466605199,96.5900,96.7500,96.5800,96.7200,347400
1466605499,96.4900,96.6350,96.4400,96.5800,358900
1466605741,96.5600,96.5900,96.4200,96.4859,316600
1466606094,96.6600,96.6600,96.4500,96.5600,451200
1466606340,96.6372,96.6750,96.5800,96.6600,222000
1466606640,96.7199,96.7200,96.5800,96.6350,259800
1466606943,96.7500,96.8100,96.6600,96.7200,300200
1466607298,96.8200,96.8700,96.7207,96.7550,422800
1466607599,96.7650,96.8300,96.6900,96.8200,281800
1466607842,96.7500,96.8300,96.7400,96.7700,222100
1466608199,96.6400,96.7500,96.6400,96.7440,206000
1466608442,96.6400,96.7000,96.5700,96.6400,258300
1466608799,96.6600,96.6700,96.6100,96.6362,179600
1466609045,96.6800,96.7050,96.6500,96.6700,162500
1466609340,96.6900,96.7400,96.6600,96.6700,170900
1466609641,96.4900,96.6800,96.4200,96.6800,431000
1466609943,96.5300,96.6000,96.4701,96.4701,224300
1466610299,96.4650,96.5500,96.4400,96.5300,347600
1466610599,96.3800,96.4700,96.3800,96.4600,251800
1466610899,96.3300,96.4100,96.3200,96.3812,244600
1466611140,96.3401,96.3650,96.3000,96.3300,361100
1466611440,96.2601,96.3900,96.2600,96.3400,419200
1466611795,96.1590,96.2800,96.1400,96.2680,378300
1466612099,96.1360,96.2500,96.1100,96.1600,266000
1466612341,95.9800,96.1600,95.9200,96.1400,546100
1466612699,95.7200,95.9900,95.7000,95.9700,538300
1466612941,95.8300,95.8300,95.6500,95.7153,490200
1466613240,95.7000,95.8400,95.7000,95.8400,327400
1466613599,95.7450,95.8101,95.6950,95.7000,307000
1466613842,95.5700,95.7800,95.5700,95.7500,272300
1466614140,95.6700,95.6800,95.5400,95.5700,390700
1466614442,95.6550,95.7700,95.6300,95.6700,429100
1466614799,95.7601,95.7900,95.6300,95.6566,307400
1466615097,95.6950,95.7700,95.6600,95.7700,292000
1466615399,95.4400,95.7000,95.4300,95.6900,571500
1466615699,95.5500,95.5700,95.3800,95.4000,327500
1466615940,95.5695,95.5750,95.4600,95.5500,235800
1466616299,95.4500,95.5700,95.4400,95.5600,182100
1466616599,95.5100,95.5200,95.3500,95.4400,436300
1466616899,95.5400,95.6000,95.4600,95.5100,317700
1466617199,95.5810,95.5900,95.4900,95.5500,218200
1466617499,95.5700,95.5900,95.4800,95.5900,199100
1466617741,95.6600,95.7000,95.5500,95.5700,336100
1466618040,95.8300,95.8400,95.6500,95.6600,380800
1466618399,95.7399,95.8400,95.7300,95.8300,187200
1466618648,95.7950,95.8200,95.7100,95.7308,180900
1466618941,95.6850,95.8500,95.6700,95.8000,278500
1466619240,95.7200,95.7243,95.6350,95.6800,196500
1466619540,95.7890,95.8400,95.7100,95.7100,178100
1466619842,95.7812,95.7900,95.7050,95.7900,153000
1466620198,95.7900,95.8200,95.7500,95.7850,153600
1466620440,95.7000,95.8300,95.7000,95.7800,238200
1466620741,95.6757,95.7100,95.6200,95.7000,193900
1466621044,95.6360,95.6800,95.6000,95.6700,204800
1466621397,95.6500,95.6600,95.5902,95.6300,171200
1466621699,95.7100,95.7200,95.6400,95.6580,206300
1466621940,95.6601,95.7500,95.6300,95.7100,173300
1466622299,95.8001,95.8300,95.6400,95.6600,267700
1466622599,95.6699,95.8500,95.6640,95.8100,275100
1466622841,95.6232,95.7100,95.6000,95.6600,213000
1466623197,95.5810,95.7300,95.5800,95.6200,296200
1466623499,95.5800,95.5900,95.5000,95.5850,333900
1466623799,95.5300,95.6400,95.5100,95.5700,242100
1466624043,95.6150,95.6600,95.5100,95.5340,277700
1466624399,95.7200,95.7601,95.5800,95.6139,361400
1466624640,95.5860,95.7500,95.5860,95.7300,374500
1466624999,95.4900,95.6500,95.4700,95.5800,454000
1466625240,95.5400,95.5600,95.3650,95.4800,576800
1466625598,95.5300,95.5600,95.3800,95.5400,1112400
1466625600,95.5500,95.5500,95.5500,95.5500,1413300
1466688899,95.6650,96.0900,95.4400,96.0700,0
1466689142,95.5800,95.7400,95.4600,95.6800,846700
1466689499,95.3800,95.6000,95.2500,95.5600,754400
1466689799,95.6400,95.6500,95.3700,95.3700,625100
1466690099,95.3900,95.7000,95.2700,95.6350,763800
1466690399,95.7000,95.7100,95.3800,95.3900,496700
1466690642,95.8100,95.8400,95.6100,95.6850,482100
1466690998,95.8500,95.9000,95.7200,95.8100,432800
1466691242,95.7550,95.8900,95.7400,95.8300,424600
1466691541,95.7100,95.8500,95.6600,95.7700,593800
1466691840,95.8900,95.9400,95.6500,95.7143,578400
1466692199,95.8840,95.9700,95.8500,95.8930,409600
1466692440,95.7634,95.9000,95.7300,95.8900,494200
1466692741,95.8000,95.8450,95.7100,95.7700,400300
1466693098,95.7799,95.8300,95.7500,95.8099,280900
1466693399,95.7800,95.8000,95.7200,95.7710,286200
1466693643,95.8950,95.9000,95.7500,95.7900,484800
1466693941,95.9500,96.0000,95.8695,95.8900,510400
1466694299,95.9599,96.0000,95.9400,95.9500,365300
1466694597,95.9350,96.0000,95.9300,95.9550,326600
1466694841,95.9436,95.9600,95.8900,95.9336,276900
1466695199,95.7843,95.9899,95.7800,95.9500,379900
1466695498,95.7400,95.7900,95.6900,95.7900,498200
1466695741,95.6799,95.7700,95.6500,95.7600,405000
1466696099,95.7500,95.7500,95.6700,95.6790,288100
1466696342,95.7257,95.7650,95.6700,95.7332,311500
1466696643,95.6650,95.7500,95.6000,95.7100,279100
1466696945,95.7129,95.7400,95.6250,95.6500,221800
1466697243,95.7300,95.8000,95.7200,95.7200,260300
1466697599,95.7487,95.7600,95.7200,95.7250,192400
1466697899,95.6699,95.8100,95.6600,95.7500,272100
1466698197,95.6853,95.7160,95.6400,95.6607,211000
1466698441,95.7100,95.7300,95.6500,95.6842,262700
1466698740,95.7400,95.7500,95.6900,95.7100,164700
1466699099,95.7600,95.7900,95.7100,95.7400,180600
1466699342,95.7600,95.8100,95.7600,95.7600,141900
1466699641,95.7169,95.7700,95.7100,95.7600,165300
1466699998,95.7400,95.7700,95.7173,95.7200,183800
1466700299,95.7300,95.7850,95.6900,95.7400,159900
1466700599,95.7000,95.7400,95.6200,95.7400,255000
1466700899,95.6733,95.7400,95.6600,95.6910,161400
1466701199,95.7200,95.7200,95.6400,95.6800,173200
1466701442,95.7100,95.7500,95.7000,95.7200,163300
1466701799,95.7300,95.7600,95.6600,95.7000,189700
1466702042,95.6800,95.7500,95.6500,95.7300,200300
1466702399,95.7300,95.7600,95.6100,95.6737,254900
1466702640,95.6600,95.7800,95.6600,95.7300,141600
1466702999,95.6800,95.7000,95.6400,95.6500,144500
1466703299,95.6800,95.7200,95.6600,95.6800,120900
1466703598,95.6850,95.6950,95.6200,95.6700,171400
1466703841,95.6700,95.7000,95.6200,95.6900,169500
1466704140,95.6550,95.7000,95.6400,95.6716,230200
1466704440,95.7438,95.7500,95.6300,95.6550,175200
1466704741,95.7800,95.7800,95.7000,95.7500,208500
1466705040,95.7993,95.7993,95.7150,95.7800,232700
1466705399,95.7742,95.8000,95.7250,95.7963,244300
1466705640,95.7500,95.8100,95.7327,95.7700,260400
1466705940,95.6900,95.7800,95.6900,95.7505,177100
1466706299,95.5800,95.7050,95.5600,95.6900,287200
1466706598,95.5800,95.6500,95.5400,95.5700,294600
1466706899,95.5862,95.6300,95.5300,95.5700,291400
1466707196,95.5900,95.6100,95.5300,95.5900,240500
1466707441,95.5500,95.6000,95.5400,95.5938,205900
1466707799,95.5900,95.6600,95.5500,95.5599,299300
1466708042,95.6300,95.6800,95.5800,95.5900,213300
1466708399,95.5300,95.6490,95.5000,95.6200,324100
1466708699,95.5100,95.5800,95.5100,95.5300,236400
1466708999,95.4750,95.5600,95.4750,95.5100,362300
1466709240,95.5100,95.5300,95.4400,95.4700,370700
1466709599,95.5100,95.5300,95.4800,95.5100,279600
1466709899,95.4100,95.5200,95.4000,95.5000,288600
1466710199,95.4441,95.4500,95.3900,95.4200,312100
1466710440,95.4800,95.5250,95.4100,95.4450,418700
1466710740,95.4900,95.5300,95.4400,95.4750,355500
1466711099,95.6000,95.6000,95.4700,95.4810,540200
1466711399,95.7100,95.7790,95.5800,95.5950,814700
1466711641,95.9400,95.9600,95.7200,95.7200,948400
1466711940,96.0900,96.2900,95.8900,95.9400,5185800
1466712000,96.1000,96.1000,96.1000,96.1000,0
1466775240,93.5200,93.6100,92.7600,92.9100,0
1466775540,94.2000,94.3400,93.4800,93.5200,1835100
1466775840,94.1600,94.5000,94.0700,94.2100,1367600
1466776199,94.2814,94.4500,93.9100,94.1520,1940500
1466776440,94.4292,94.4500,94.0300,94.2700,851500
1466776740,94.2899,94.6550,94.2000,94.4500,967200
1466777099,94.3239,94.4900,94.2000,94.2600,907600
1466777340,94.2567,94.3700,94.1100,94.3300,774600
1466777640,94.0900,94.4600,94.0450,94.2800,893900
1466777940,93.8900,94.0980,93.8300,94.0800,969300
1466778240,93.8300,94.0000,93.7100,93.8800,768000
1466778540,93.9200,93.9900,93.7400,93.8200,663000
1466778840,93.8200,94.0550,93.8000,93.9200,657500
1466779140,94.0700,94.0700,93.7800,93.8200,792600
1466779440,94.0100,94.0900,93.8550,94.0600,624300
1466779799,93.8839,94.0800,93.8300,94.0100,605500
1466780099,94.0060,94.0100,93.8200,93.8850,504000
1466780340,93.8299,94.0200,93.8000,94.0100,633900
1466780699,93.7700,93.9000,93.7100,93.8264,622200
1466780999,93.8658,93.8700,93.7500,93.7659,610100
1466781240,93.7600,93.8700,93.7300,93.8600,484400
1466781599,93.7100,93.8100,93.6600,93.7600,465600
1466781899,93.6499,93.7500,93.5900,93.7000,702600
1466782198,93.8300,93.8600,93.5800,93.6400,496100
1466782499,93.9900,94.0900,93.8050,93.8200,580400
1466782680,94.1761,94.2500,93.9900,93.9900,471900
