1465565640,723.4800,724.3400,722.3400,722.3500,147900
1465565940,724.3100,724.9800,723.0000,723.4000,65200
1465566244,724.5100,724.9000,723.6005,724.2200,50300
1465566598,723.7476,724.6900,723.6400,724.2700,38900
1465566899,722.9725,724.0000,722.1900,723.7100,91700
1465567145,722.6000,723.3699,721.6600,723.0600,57300
1465567441,721.5200,722.8700,721.3800,722.5000,57100
1465567747,721.2700,722.3900,721.1900,721.5201,50700
1465568041,720.2000,722.2100,720.2000,721.3000,81100
1465568341,720.8600,721.4800,720.1400,720.2690,60500
1465568640,721.0325,721.1700,720.3200,720.7800,41400
1465568943,720.8400,721.8400,720.5000,721.0495,46000
1465569297,721.3977,721.6200,720.6000,720.7785,46300
1465569546,720.5500,721.3900,720.0700,721.3900,47300
1465569842,720.0600,720.5900,719.2900,720.5900,70500
1465570142,718.4000,720.2900,718.1320,720.0600,67400
1465570494,717.9110,718.9000,717.3900,718.4850,83400
1465570740,717.0701,718.3600,717.0170,717.8198,55600
1465571098,717.5400,717.5600,716.3075,717.1700,45600
1465571341,718.2300,718.5000,717.2000,717.5400,68100
1465571641,718.7014,718.7800,718.0000,718.3000,30900
1465571942,718.6650,718.8300,718.2000,718.6600,28600
1465572255,718.1200,718.6700,717.9000,718.6650,34200
1465572541,717.6201,718.6200,717.6100,718.1000,26200
1465572866,717.6000,718.3100,717.5583,717.5700,23900
1465573147,717.3300,717.7500,717.2200,717.5800,33500
1465573441,717.1400,717.8100,717.0700,717.3100,23200
1465573743,717.8700,717.9980,717.2501,717.5200,16000
1465574040,717.5800,717.9700,717.5300,717.7700,30400
1465574342,718.5150,718.7600,717.6100,717.7450,20400
1465574651,718.5900,719.0000,718.3200,718.6700,34100
1465574944,718.0300,718.7199,717.7673,718.7199,20900
1465575243,718.1050,718.9950,717.9600,718.0400,22800
1465575541,717.6000,718.3100,717.1300,718.1900,62300
1465575857,717.1600,717.6800,717.1300,717.5100,17600
1465576142,717.9700,718.0200,717.1800,717.1800,24200
1465576450,717.9400,718.2377,717.2800,717.9800,11100
1465576740,718.6000,718.6600,717.6900,717.9400,21500
1465577043,719.2500,719.4900,718.3100,718.4000,36300
1465577342,718.8200,719.3500,718.6900,719.1300,27100
1465577654,718.8500,718.9900,718.4001,718.6100,15600
1465577945,718.7900,719.1000,718.7300,718.8370,20200
1465578243,718.2000,718.9450,718.1100,718.9450,24500
1465578543,717.7850,718.5000,717.5401,718.2580,21600
1465578858,718.3700,718.3720,717.5000,717.7360,13000
1465579140,718.2400,718.6800,718.0950,718.4000,19600
1465579442,718.4862,718.6700,717.6500,718.3300,13600
1465579771,718.7380,718.7380,717.9780,718.4300,20700
1465580056,718.4000,718.9700,718.0400,718.6200,27000
1465580340,718.2750,718.5300,717.8500,718.5000,13900
1465580640,717.5200,718.2920,717.4101,718.2920,24700
1465580941,716.8001,717.8469,716.7000,717.4400,72600
1465581240,716.2255,717.0980,716.0000,716.8000,36700
1465581547,716.5300,716.8100,716.0000,716.3700,34200
1465581847,715.8700,716.6200,715.7500,716.5400,37300
1465582142,714.9736,715.8200,714.5201,715.8196,99100
1465582440,714.6000,715.1100,714.4100,714.9850,42700
1465582742,714.7500,714.9300,714.4210,714.7450,24100
1465583040,715.9500,715.9500,714.7300,714.7450,41200
1465583342,715.4300,716.0000,715.1800,715.8474,28400
1465583645,715.7200,715.7300,714.9200,715.2300,29800
1465583950,716.2400,716.3200,715.4500,715.6900,27900
1465584245,715.1900,716.3299,715.0700,716.3299,18400
1465584542,714.4200,715.2399,714.4200,715.1500,25700
1465584842,715.0400,715.0400,714.2100,714.4304,27800
1465585150,715.0100,715.4400,714.8600,715.1400,35300
1465585442,715.0400,715.3200,714.8600,714.9200,18800
1465585742,715.1600,715.4000,714.8500,715.1775,22000
1465586042,714.9150,715.2400,714.8500,715.2290,24200
1465586340,715.4700,715.4900,714.8100,714.9600,36000
1465586641,716.0800,716.0900,715.4000,715.4600,38100
1465586944,715.7600,716.0700,715.4900,715.8800,28900
1465587243,716.2750,716.5200,715.5200,715.8000,37200
1465587553,716.9100,716.9200,716.2900,716.3300,56600
1465587846,716.3600,716.9949,716.1700,716.8800,47300
1465588199,717.5700,717.5800,716.3800,716.3800,61900
1465588499,716.9300,717.5900,716.7611,717.5000,71300
1465588740,718.0200,718.2400,716.9100,716.9800,361700
1465588800,717.9100,717.9100,717.9100,717.9100,0
1465824841,714.3250,715.0000,712.1900,714.0100,0
1465825141,713.2200,714.4399,712.5100,714.4399,69400
1465825440,711.5000,714.6800,711.5000,713.2803,81900
1465825745,713.1500,713.6100,711.1600,711.5700,76500
1465826043,715.7329,716.4200,712.9700,713.1300,98800
1465826340,717.1600,717.5400,715.3400,716.0100,59300
1465826643,717.6900,719.4000,717.1000,717.2050,116600
1465826940,717.2800,718.4300,716.6500,717.9400,52600
1465827299,718.7350,719.7600,716.9920,717.2200,87400
1465827541,720.5000,720.7300,718.5700,718.8006,62000
1465827842,720.9400,721.5200,720.0800,720.3900,67600
1465828140,720.9950,721.4700,719.4800,720.8195,63800
1465828443,720.9500,721.8050,720.3900,720.8800,73100
1465828740,720.3860,721.1600,720.1500,720.8100,21600
1465829053,720.2050,720.8500,720.0100,720.1300,23800
1465829340,720.0000,720.8600,720.0000,720.2100,26300
1465829666,719.6175,720.0400,719.2000,720.0400,31200
1465829947,719.9900,720.3600,719.4350,719.7600,29000
1465830242,719.2500,720.2000,719.1600,720.0000,14000
1465830558,719.2159,719.6900,718.6600,719.2500,31900
1465830845,719.5100,719.9199,719.0800,719.2200,16600
1465831186,719.6710,719.8700,719.0600,719.3600,18300
1465831443,719.5500,719.9400,719.3200,719.5722,13600
1465831740,719.6800,719.7300,718.6200,719.5300,31300
1465832049,719.2388,719.8600,718.9600,719.5100,29000
1465832349,717.7700,719.2500,717.6100,718.9300,39800
1465832644,718.7800,718.9700,717.8500,717.8500,15500
1465832940,717.7500,718.6800,717.2900,718.6800,52400
1465833251,716.2200,717.8900,716.2200,717.8500,50800
1465833541,716.4150,717.1199,716.0000,716.2000,49100
1465833841,717.0900,717.5800,716.3600,716.4100,23800
1465834148,716.8100,717.5400,716.3600,717.0500,21400
1465834452,716.3620,717.1600,715.9700,716.4000,27900
1465834756,716.9011,717.3400,716.5050,716.5100,25600
1465835062,717.7340,718.4100,716.8700,717.1700,35200
1465835345,717.9999,718.2200,717.6101,718.1399,15200
1465835641,717.4900,718.2572,717.4100,718.0000,13200
1465835942,717.3900,717.8300,717.2000,717.3400,11600
1465836243,718.2937,718.4408,717.1500,717.4000,15200
1465836548,718.2800,718.5300,717.7500,718.3800,11500
1465836874,718.3000,718.4900,718.0200,718.1000,8800
1465837147,718.6000,719.0000,718.2600,718.2600,15200
1465837440,718.8500,719.0000,718.4200,718.6000,8700
1465837758,718.5999,719.0000,718.3900,718.9600,17100
1465838049,718.4018,718.9400,718.1700,718.7000,39800
1465838346,717.6700,718.5900,717.6500,718.3700,18300
1465838649,718.0500,718.0800,717.3600,717.6700,24700
1465838947,718.8000,718.8000,717.9100,718.0100,18900
1465839255,718.6900,719.1400,718.6800,718.8000,19100
1465839541,717.6200,718.9889,717.6100,718.7800,15900
1465839848,718.2200,718.4400,717.2700,717.9700,40100
1465840163,718.0189,718.6100,717.6800,718.5000,26800
1465840444,717.0000,718.1500,717.0000,717.9350,23400
1465840799,716.8800,717.4900,716.5400,717.0000,26400
1465841055,717.6200,717.8800,716.6700,716.8800,29800
1465841340,718.3000,718.5300,717.5300,717.6200,32700
1465841642,718.6700,718.8100,718.3100,718.3100,16900
1465841943,718.4275,718.7400,718.1400,718.5600,18000
1465842245,718.2750,718.7650,717.7020,718.6650,14500
1465842550,718.3999,718.4850,717.2700,718.0300,13400
1465842840,719.5200,719.5900,718.1200,718.3600,24300
1465843154,719.3600,719.4500,718.7513,719.2527,9500
1465843448,719.7987,720.0000,719.3000,719.3800,18700
1465843776,719.1200,720.0000,718.9000,719.9150,15600
1465844040,718.6000,719.3699,718.3100,719.1300,20400
1465844343,718.8100,718.8670,718.3700,718.8670,20900
1465844642,718.1950,719.1800,718.0000,718.7463,18900
1465844946,716.8000,718.4199,716.8000,718.1200,40300
1465845248,716.5020,717.0000,715.9800,716.8300,53900
1465845597,717.1900,717.3000,716.5500,716.8700,21200
1465845842,717.2600,717.5600,717.1100,717.1400,18900
1465846168,716.9020,717.6900,716.5900,717.4900,30700
1465846442,717.0600,717.4856,716.7500,716.8400,24200
1465846740,716.7500,717.2100,716.5100,717.2100,19500
1465847043,716.6400,716.8200,716.3300,716.7300,25100
1465847341,716.0799,716.6600,715.8400,716.5500,52200
1465847699,714.7500,715.9500,714.6300,715.7900,76300
1465847940,715.2500,716.2000,714.5000,714.7000,149300
1465848000,715.2400,715.2400,715.2400,715.2400,220700
1465911299,718.7700,719.1000,712.3300,713.7400,0
1465911550,719.1510,720.2900,718.3100,719.0600,100700
1465911840,720.0000,720.0000,718.4400,719.2150,64400
1465912140,718.6400,720.0000,718.1900,719.7200,39300
1465912440,718.3600,719.1899,717.7200,718.8200,48000
1465912740,719.4100,719.7200,718.3600,718.5300,41900
1465913044,719.3000,720.8050,718.5000,719.3500,51600
1465913342,718.0720,719.3800,718.0200,719.2300,25300
1465913648,717.7000,719.2600,717.6900,718.2200,29200
1465913942,716.8500,717.8146,716.5600,717.6700,47700
1465914258,716.9440,717.4600,716.5000,716.9400,37800
1465914540,718.0350,718.2000,716.7400,717.1900,33900
1465914843,718.4000,718.4200,717.8600,717.8700,38500
1465915145,717.0350,718.4640,715.5200,718.4600,69300
1465915449,718.1330,718.5000,717.1200,717.1400,26900
1465915769,717.3500,718.3699,717.3300,718.0900,26000
1465916041,715.7650,718.0000,715.3500,717.7100,43100
1465916342,714.5000,715.6450,714.0500,715.4900,39500
1465916645,714.8900,715.0500,714.1100,714.7000,39200
1465916999,716.0000,716.1000,714.1500,714.8700,30800
1465917248,715.0750,716.4940,715.0000,716.1550,30400
1465917540,714.8800,716.2050,714.4500,715.3900,31900
1465917873,714.9200,715.6900,713.8200,714.8600,40800
1465918146,714.1500,715.4200,714.0100,715.3634,23700
1465918442,715.1900,715.2400,713.8700,714.3799,20200
1465918741,716.2500,716.2900,714.6600,714.9000,30000
1465919054,715.7200,716.4600,715.6700,716.0900,13100
1465919344,715.7600,716.0500,715.3750,715.6400,15400
1465919662,715.2800,715.5100,714.5395,715.3700,14900
1465919974,714.5000,715.4100,714.3300,715.4000,15300
1465920244,715.5100,715.8300,714.2501,714.7850,27200
1465920592,715.1100,715.8500,715.0000,715.4800,12900
1465920844,715.8600,716.0725,714.9600,715.0500,47400
1465921140,716.1800,716.4300,715.4620,715.9000,38000
1465921497,716.9200,717.1465,715.9346,716.3000,35800
1465921795,717.3590,717.6600,716.8600,716.8600,33500
1465922045,716.5000,717.3899,716.4330,717.1900,20500
1465922342,716.7499,716.9100,716.0100,716.2700,18200
1465922640,716.2000,716.7600,716.0000,716.5825,19100
1465922956,716.5432,716.8000,716.1100,716.2500,18600
1465923240,716.6000,716.9300,716.2200,716.7200,13200
1465923548,716.4800,716.7570,716.1101,716.4694,21500
1465923868,716.5700,717.1112,716.3000,716.4500,12200
1465924160,716.3500,716.8130,716.2250,716.4501,7900
1465924472,715.9000,716.2900,715.7500,716.0000,9500
1465924766,716.1400,716.6200,715.7500,715.8900,8900
1465925055,716.7168,716.7168,716.3400,716.3400,4500
1465925355,716.3500,716.8000,716.0500,716.7400,15100
1465925643,716.6595,716.7200,716.1100,716.1600,24600
1465925901,716.5800,716.7600,716.4800,716.5508,5700
1465926270,716.3300,716.8500,716.2300,716.7200,8500
1465926583,716.1500,716.7799,716.1500,716.3300,6000
1465926840,715.4856,716.2300,715.3486,716.1520,11100
1465927150,715.5000,715.5200,715.0000,715.3789,21000
1465927474,714.6700,715.4499,714.6700,715.2000,12000
1465927750,714.0972,715.1800,713.8700,714.9800,39800
1465928091,714.9600,715.3100,713.5000,713.9400,27900
1465928348,715.7049,716.1700,714.7400,714.8300,21500
1465928650,715.8500,716.0600,715.3600,715.7500,20900
1465928968,716.0400,716.2000,715.5400,715.8500,18000
1465929257,715.3300,716.0300,715.3300,716.0300,11200
1465929547,715.8100,715.8100,715.0100,715.3550,14400
1465929840,716.2800,716.2800,715.7000,715.7900,9700
1465930159,715.4100,716.3500,715.1500,716.2799,25200
1465930456,714.6700,715.5700,714.2699,715.4000,18400
1465930745,714.8554,714.9000,714.0000,714.5474,18800
1465931066,715.8462,715.8462,714.0120,714.9705,16300
1465931340,716.5895,716.7889,715.4701,715.6298,32400
1465931655,716.7200,716.7800,715.7600,716.5300,24900
1465931959,716.4200,717.1500,716.0000,716.8800,20900
1465932250,716.3920,717.0999,716.2400,716.2450,22000
1465932550,717.0800,717.3750,716.3000,716.4700,29200
1465932843,717.1850,717.4800,716.6100,717.2300,25800
1465933141,717.0000,717.3900,716.6000,717.2100,28800
1465933447,717.1900,717.5300,716.6000,717.1600,33300
1465933743,717.3200,717.4900,716.6100,716.9100,41400
1465934041,718.1300,718.2000,717.1300,717.4000,51200
1465934399,719.3000,719.3200,717.6600,717.7750,155200
1465934400,719.3000,719.3000,719.3000,719.3000,78700
1465997699,717.3203,722.2500,717.1903,722.0000,0
1465997944,718.0100,719.4999,716.7003,717.9100,70300
1465998299,718.4500,718.8800,717.0100,718.4347,65500
1465998540,717.6601,718.8899,717.0100,718.8899,41200
1465998850,717.0000,718.1200,716.6000,717.8800,49400
1465999199,718.0200,718.5550,716.7800,716.7900,31500
1465999446,718.0600,718.7900,717.7300,717.7300,31100
1465999740,716.7500,718.6900,716.2400,718.3999,38700
1466000040,716.6300,717.1800,716.2400,716.7500,34400
1466000344,715.5627,716.5100,715.3000,716.5100,52500
1466000640,715.0600,715.9300,714.5000,715.3900,50400
1466000999,715.7500,716.3900,714.1335,714.7600,55400
1466001244,716.6299,716.6299,715.6700,715.8300,27800
1466001563,716.7500,716.8200,716.1500,716.6300,18700
1466001844,716.8800,716.9700,716.1600,716.7800,23000
1466002141,716.8500,717.4900,716.5087,716.8700,15800
1466002495,718.0708,718.0708,716.8700,716.8700,22900
1466002747,717.6808,718.4799,717.5848,718.0000,37500
1466003046,718.0142,718.3399,717.6000,717.8000,11900
1466003364,717.7300,718.2336,717.5100,718.0700,18100
1466003658,717.0400,717.8600,716.6800,717.6850,26000
1466003955,717.2999,717.3500,716.3388,716.9400,15600
1466004245,716.5350,717.3500,716.4800,717.2999,17800
1466004567,715.6000,716.9600,715.6000,716.7326,34800
1466004863,716.5200,716.5300,715.5500,715.8400,32700
1466005143,716.1300,717.0100,716.0200,716.2600,15700
1466005445,716.6300,717.0400,716.3300,716.3300,17000
1466005760,716.9243,716.9243,716.3500,716.6300,15500
1466006055,717.7400,717.7400,716.7719,716.7719,13200
1466006345,718.1500,718.2000,717.3300,717.3800,28700
1466006642,716.9800,718.1460,716.7400,718.1460,30100
1466006940,716.4588,717.0200,716.3700,717.0000,12400
1466007244,717.2600,717.2900,716.5604,716.7800,18300
1466007560,717.8650,717.9500,716.9900,717.0500,19800
1466007841,717.9400,718.2600,717.8000,718.0000,12200
1466008146,718.2500,718.3000,717.9100,718.0200,15100
1466008497,718.0100,718.4000,717.9100,718.1200,19000
1466008740,717.6200,718.3799,717.5200,718.1500,11400
1466009049,718.0000,718.0000,717.6300,717.6400,9500
1466009340,718.1000,718.2400,717.7200,717.9400,16300
1466009656,717.8100,717.9000,717.4600,717.9000,14400
1466009940,717.5600,718.1090,717.5500,717.7600,16100
1466010241,718.0000,718.3100,717.5600,717.5600,39400
1466010543,718.4800,718.5700,717.7300,718.1100,47500
1466010844,718.7862,718.9000,718.3660,718.5438,12500
1466011155,719.1062,719.1900,718.6000,718.7500,11000
1466011441,719.3000,719.6800,718.8100,719.1700,21400
1466011760,719.6000,719.7064,719.0500,719.2500,11800
1466012056,719.5200,719.7500,719.2600,719.5500,8500
1466012347,719.5000,719.8000,718.9300,719.2400,14200
1466012695,720.0680,720.3600,719.5200,719.5300,25000
1466012961,720.1400,720.1420,719.7600,720.0700,10800
1466013271,720.4140,720.6900,719.9300,720.1700,14100
1466013562,720.0800,720.5899,719.3900,720.2248,16100
1466013847,720.1700,721.5100,719.5300,720.1000,44400
1466014144,719.2700,720.6899,719.0720,720.1700,24200
1466014452,719.1000,719.9200,718.4100,719.6000,27100
1466014760,719.3500,720.0000,719.2300,719.4300,24400
1466015072,719.1534,719.8000,718.8800,719.2100,16400
1466015341,718.8000,719.7800,718.8000,719.1500,22300
1466015642,719.7450,719.9700,718.5000,718.5400,20900
1466015957,719.0600,719.8476,719.0600,719.5500,10700
1466016243,719.5900,719.8900,719.0800,719.0800,23500
1466016580,719.9200,720.3500,719.4500,719.5100,21800
1466016867,719.0540,720.2634,718.8400,719.7060,14300
1466017141,719.7300,719.7300,718.9100,719.0000,23000
1466017445,719.5000,719.8600,719.2000,719.6900,16300
1466017743,719.8499,720.1600,719.4400,719.4900,18100
1466018045,719.6400,719.6400,718.9900,719.4401,18800
1466018340,718.6700,719.2700,718.2100,719.2600,27100
1466018640,719.0400,719.3732,718.3901,718.3901,15000
1466018963,719.0601,719.4000,718.9600,719.2200,18400
1466019243,718.6800,719.5356,718.2501,719.0700,22800
1466019543,717.0500,718.6650,717.0000,718.5600,26800
1466019844,716.7720,717.6600,716.5300,717.0100,32300
1466020142,715.6400,716.6200,715.5100,716.5400,43800
1466020440,713.4500,715.6500,713.3522,715.6500,100600
1466020740,714.2700,715.4999,713.3750,713.4511,192100
1466020800,714.2600,714.2600,714.2600,714.2600,266600
1466084040,714.1200,715.5000,712.0500,712.0500,0
1466084399,712.0100,714.6275,712.0050,714.3300,81000
1466084645,712.3000,712.3300,710.5000,712.0100,95000
1466084941,710.4700,712.0800,709.0100,711.8700,126200
1466085241,708.4700,710.5200,708.2710,710.4000,70300
1466085544,708.7900,709.2800,708.1400,708.3830,68500
1466085841,707.3300,709.5000,707.2500,708.7350,78800
1466086142,707.3560,707.6600,706.2250,707.3300,77000
1466086441,708.4100,708.6300,706.7500,707.2691,66600
1466086746,708.0000,708.9999,707.9600,708.5900,53100
1466087041,706.0400,708.4800,706.0200,707.9000,62900
1466087351,707.1370,707.8300,706.0000,706.0300,55300
1466087641,707.0300,708.0700,706.9900,707.0400,24600
1466087942,706.2300,707.8540,706.2300,707.2400,32200
1466088244,707.0300,707.7400,706.1144,706.1800,54700
1466088546,706.8656,707.5900,706.7500,707.2500,20200
1466088842,705.7900,706.9300,705.3100,706.7306,42700
1466089154,706.2480,706.8900,705.8400,706.1429,27300
1466089442,706.6300,707.2350,706.0000,706.1100,39300
1466089746,706.3300,707.4900,706.0400,706.5000,27900
1466090042,706.2569,706.6700,705.8800,706.2700,29100
1466090341,705.7000,706.3700,705.4450,706.3700,32800
1466090642,705.6250,706.2800,705.4050,705.7450,23300
1466090940,707.7600,707.9900,705.3000,705.6800,43200
1466091241,707.9900,708.5800,707.5061,707.7200,36400
1466091548,708.1501,708.4100,707.4200,707.5200,21400
1466091849,706.8287,708.7000,706.5600,708.3500,39900
1466092178,707.7700,707.7700,706.5000,706.7800,20300
1466092462,706.7390,707.6100,706.3683,707.6100,11500
1466092746,706.6600,707.0100,706.2000,707.0100,12900
1466093046,706.5000,706.5800,705.7200,706.4900,25200
1466093361,706.9400,706.9400,706.0500,706.6800,9200
1466093658,707.2700,707.3700,706.5401,706.8875,11800
1466093943,708.4200,708.5100,707.1000,707.1500,41800
1466094241,708.9999,709.0000,708.1400,708.4900,37100
1466094540,709.6100,709.6800,708.4100,709.0000,38000
1466094841,709.6900,709.6900,709.2800,709.6395,17500
1466095190,710.2300,710.5200,709.3400,709.6900,30500
1466095493,710.7906,711.0000,709.9100,710.5500,28200
1466095790,710.8768,711.6900,710.4304,711.2800,34600
1466096041,710.7300,711.2968,710.3800,711.0027,33100
1466096341,711.0000,711.2400,710.6290,711.0000,49700
1466096640,712.1450,712.8100,711.0500,711.1800,59100
1466096940,712.2900,712.4250,711.6300,712.2900,34100
1466097248,712.1700,713.0000,711.9200,712.3000,33900
1466097548,712.6600,712.6700,711.8800,712.1400,18300
1466097841,711.7200,712.7500,711.7200,712.7000,47300
1466098146,711.5650,712.6900,711.2500,712.3900,33900
1466098442,711.0200,711.9100,710.7300,711.1701,33800
1466098740,711.8000,711.8500,710.3100,710.8867,19200
1466099046,711.4793,712.1799,711.3200,711.8300,26300
1466099340,710.9679,711.6508,710.6700,711.3300,15100
1466099666,711.3200,711.4800,710.4800,711.0200,16900
1466099951,710.7700,711.5800,710.6500,711.3900,9700
1466100254,711.4600,711.5000,710.4200,710.5550,13100
1466100593,712.0100,712.6000,711.5384,711.5384,26700
1466100847,712.7900,713.1596,711.7000,711.9100,32400
1466101141,713.1700,713.5000,712.7100,712.8158,28900
1466101446,713.1400,713.4100,712.7780,713.0300,23200
1466101741,712.4500,713.4000,712.0200,712.9500,28600
1466102046,712.7200,713.2200,712.2200,712.2200,28200
1466102350,712.6800,713.2670,712.4500,712.7000,13300
1466102653,712.7800,713.1300,712.4850,712.5300,9000
1466102957,713.7400,713.7400,712.7500,712.8520,12500
1466103251,714.0800,714.2500,713.2100,713.7448,23400
1466103564,713.1500,714.2100,713.0000,714.1505,17100
1466103840,713.6628,713.8190,713.1400,713.1600,11800
1466104143,713.3600,713.8195,713.2900,713.4200,21000
1466104442,713.6670,714.1000,713.4000,713.4575,15700
1466104785,714.5200,714.6000,713.7700,713.7700,24400
1466105040,714.9580,714.9580,713.9800,714.4800,20600
1466105343,715.2190,715.9000,714.4500,714.8700,34100
1466105698,715.5150,716.0600,715.2500,715.4500,27800
1466105940,715.7800,715.9200,715.0300,715.3100,38800
1466106241,717.0100,717.2400,715.5550,715.5550,47000
1466106541,717.4201,717.8600,716.5400,716.9187,62900
1466106840,717.1100,717.7200,716.7000,717.6600,61200
1466107140,717.3600,718.0000,716.7000,717.2281,148900
1466107200,717.5100,717.5100,717.5100,717.5100,75500
1466170441,715.0000,718.1900,714.6400,718.1900,0
1466170799,711.6599,714.7600,710.5000,714.7600,104100
1466171040,709.8900,711.6600,709.6884,711.3200,93600
1466171398,708.7001,709.9200,708.5500,709.7400,88700
1466171699,708.2800,709.0400,707.3600,708.8300,94300
1466171940,707.5100,708.4850,706.5500,708.4400,103000
1466172249,707.6110,708.2352,706.9000,707.3866,60100
1466172541,706.9100,707.7000,706.0200,707.7000,68900
1466172842,707.7425,707.8900,706.5380,706.5600,70000
1466173141,708.7300,708.8700,707.1000,707.6200,64500
1466173440,706.3500,708.6300,706.2400,708.6300,51300
1466173799,706.3128,706.9900,705.8800,706.3635,37400
1466174046,703.5986,706.3200,703.3200,706.1000,113300
1466174351,705.6400,705.8500,703.3200,703.6500,52800
1466174641,704.8699,705.5900,704.6200,705.5550,35200
1466174944,705.9920,706.5000,704.8020,704.8020,46300
1466175258,706.1450,706.3950,705.1900,705.6700,19600
1466175541,704.9700,706.3900,704.9700,705.9500,41700
1466175843,704.7536,705.8100,704.5000,704.9900,28400
1466176153,705.6834,705.9800,704.7950,704.8675,32700
1466176464,705.4400,706.4199,704.9000,705.7400,58100
1466176741,706.9600,706.9850,705.2000,705.6000,33800
1466177041,706.5000,706.9600,706.2650,706.5750,23200
1466177345,705.2800,706.4600,705.2013,706.3000,25900
1466177641,705.0001,705.5684,704.9400,705.3900,22000
1466177960,705.2201,705.5400,704.8900,705.2150,19900
1466178263,705.8899,705.8899,705.0600,705.2300,24800
1466178541,706.2300,706.2900,705.2650,705.5900,15800
1466178847,705.7500,706.1300,704.9010,706.1000,29200
1466179160,704.3712,705.7500,704.3501,705.7500,27500
1466179493,704.7350,705.0000,704.4000,704.6350,18100
1466179756,705.6700,705.9500,704.7446,704.7800,14400
1466180044,706.1800,706.4300,705.9600,705.9600,23500
1466180353,706.3080,706.5200,705.5600,706.4500,19300
1466180642,705.1700,706.4299,705.0100,706.4200,24100
1466180998,705.1900,705.3000,704.2500,705.2400,29200
1466181244,704.8900,705.2500,704.4700,704.7301,10500
1466181578,704.7750,705.5000,704.7000,704.7300,9600
1466181851,705.5800,705.7600,704.7900,704.9384,18000
1466182181,704.4400,705.6864,704.2400,705.5400,19200
1466182440,704.2400,704.7250,704.1100,704.5336,32400
1466182745,704.2800,704.4300,703.6500,704.1900,24400
1466183040,704.1500,704.6799,703.5401,704.1400,39700
1466183340,704.5000,704.5500,704.0400,704.2000,18100
1466183641,704.8000,704.8000,704.0001,704.4700,24600
1466183998,704.8700,705.1300,704.3750,704.5500,21500
1466184243,705.0740,705.3200,704.6396,704.8700,16300
1466184557,704.9900,705.3210,704.6901,704.6901,26800
1466184843,704.4400,705.3100,704.4400,704.8100,24100
1466185148,704.0000,704.5700,703.9100,704.5498,16700
1466185447,704.1700,704.6300,704.0800,704.3000,17200
1466185760,704.9000,704.9000,704.0700,704.4211,18400
1466186042,704.6300,705.4300,704.5000,704.9700,17100
1466186366,704.7900,704.9600,704.3900,704.3900,14300
1466186641,703.7300,704.8300,703.7100,704.5800,23000
1466186940,702.8600,703.7350,702.6500,703.7350,63500
1466187245,702.3500,703.2200,702.2600,702.9700,44400
1466187549,702.3250,702.8184,702.0000,702.4392,44700
1466187848,702.7350,702.9300,701.5200,702.3700,48700
1466188149,702.5100,703.5700,702.2500,702.8300,32800
1466188454,702.5500,702.8000,701.8200,702.3700,27300
1466188751,702.2440,702.9799,702.0000,702.9000,30700
1466189049,701.9342,702.5500,701.7200,702.2792,25900
1466189350,702.0300,702.3450,701.5000,701.9300,29100
1466189640,702.1700,702.4290,701.7900,702.1200,29800
1466189941,702.2300,702.6500,701.9750,702.2980,26700
1466190246,701.9950,703.1150,701.8369,702.3000,47600
1466190540,702.2850,702.6600,701.8200,702.0000,30100
1466190846,700.6700,702.3100,700.6200,702.3050,58000
1466191146,699.8400,700.8564,699.1800,700.8564,107200
1466191440,700.3500,700.5400,699.5000,699.8600,56600
1466191798,700.9700,701.0800,700.1800,700.1800,69600
1466192041,700.2200,701.1100,700.0000,700.9700,46100
1466192341,700.2100,700.6100,699.7700,700.0980,68200
1466192641,700.3500,700.6300,699.4000,700.1800,104800
1466192945,701.0500,701.2499,700.0300,700.4500,83800
1466193240,702.3699,702.3699,700.8100,701.0500,155600
1466193599,706.3600,706.3600,702.2700,702.3600,523200
1466193600,706.3900,706.3900,706.3900,706.3900,1151300
1466429640,712.4369,715.1755,710.8100,713.5300,0
1466429999,712.8800,713.0000,711.2700,712.0800,81400
1466430243,713.1600,714.2000,712.5900,712.9800,112200
1466430540,714.9300,715.3800,712.7700,713.1000,95200
1466430843,715.3875,715.6800,714.0400,715.1900,92800
1466431140,716.0900,716.1300,714.9200,715.4700,55800
1466431440,717.2600,717.3000,716.0401,716.0800,104400
1466431741,717.0600,717.8120,716.8200,717.4070,72300
1466432049,716.5500,717.5000,716.4800,717.1000,49300
1466432344,716.8200,717.0700,716.2950,716.5800,150000
1466432640,716.9600,717.2500,716.1200,716.6800,48200
1466432945,717.4900,717.6900,716.4300,717.0700,80900
1466433299,718.5000,718.6200,717.2475,717.4000,91400
1466433598,718.5550,718.7900,718.1700,718.5856,66700
1466433840,718.6800,719.0000,718.4300,718.6334,48900
1466434142,719.2700,719.4500,718.6500,718.7700,63700
1466434497,719.9100,720.1000,719.1850,719.2000,69300
1466434741,720.5700,720.7100,719.9400,719.9400,57900
1466435049,720.4000,721.3100,720.2800,720.5900,64500
1466435399,720.6700,720.8800,720.0000,720.3650,53300
1466435663,719.5400,720.8540,719.5000,720.7000,36400
1466435941,719.7000,719.8300,719.4900,719.6280,53600
1466436240,719.7000,719.9000,719.0800,719.7000,35500
1466436543,720.1800,720.4287,719.5100,719.7900,46000
1466436843,720.3300,720.7500,720.0274,720.2897,18900
1466437140,720.8200,721.1000,720.4500,720.4900,35200
1466437463,720.7300,721.1300,720.6400,720.7600,24700
1466437754,719.2000,720.9590,719.1500,720.7989,31100
1466438043,718.7800,719.5199,718.7500,719.2900,39500
1466438350,718.4000,718.9600,717.9200,718.7900,48300
1466438645,718.0100,718.5000,717.6800,718.5000,27300
1466438943,717.0800,718.1400,717.0000,718.1400,28200
1466439241,717.0200,717.1600,716.3600,717.1600,35700
1466439552,717.3700,717.4400,716.7000,717.1370,28600
1466439840,717.6300,718.0000,717.2500,717.3600,20500
1466440142,718.4400,718.8000,717.5450,717.6081,19400
1466440440,719.2400,719.2400,718.4700,718.4700,16800
1466440774,718.8500,719.2900,718.7500,719.1600,12900
1466441049,718.0100,718.8421,718.0000,718.7600,20700
1466441347,718.4315,718.4500,717.8500,718.1207,15100
1466441646,718.6600,718.7900,718.3000,718.3400,20800
1466441940,718.2300,718.8850,717.9100,718.6020,24100
1466442244,718.3284,718.3305,717.6700,718.0700,20700
1466442555,718.0400,718.3200,718.0200,718.3200,7200
1466442844,716.8100,718.2700,716.8100,718.1392,18000
1466443142,717.1250,717.3300,716.5800,716.8721,23700
1466443453,717.3600,717.4058,716.6500,716.8680,18300
1466443742,716.6961,717.5300,716.5200,717.5300,17300
1466444041,716.4100,716.6800,716.4000,716.6300,18900
1466444364,716.8000,716.9900,716.4000,716.4000,20300
1466444644,717.8675,717.9500,716.3550,716.5200,27900
1466444948,718.0850,718.1117,717.5700,717.6900,26400
1466445252,718.0000,718.1505,717.5468,718.0100,13700
1466445551,718.3300,718.3300,717.9000,717.9950,16000
1466445841,718.3600,718.6300,718.1000,718.3050,16400
1466446154,717.5600,718.4250,717.4842,718.4250,21900
1466446443,718.4300,718.6100,717.5000,717.5400,18200
1466446741,718.9500,719.0000,718.2301,718.4500,16900
1466447040,719.4300,719.4300,718.6400,718.9400,23400
1466447349,718.8100,719.4489,718.1240,719.4200,17700
1466447676,718.9400,719.2000,718.4300,718.4600,16900
1466447944,718.5400,719.3400,718.5400,719.1050,18400
1466448255,718.2400,718.8200,718.0600,718.6200,23200
1466448552,719.2100,719.2100,718.2400,718.2400,21300
1466448841,719.0850,719.2400,718.7000,719.2100,16200
1466449146,719.0600,719.5100,718.8640,718.9800,29100
1466449453,719.3000,719.3800,718.8400,719.0100,19500
1466449752,718.6800,719.3500,718.4700,719.3500,16300
1466450045,718.0750,718.7300,718.0000,718.7300,19000
1466450342,717.2000,718.0900,717.0600,718.0900,36800
1466450642,717.3750,717.9450,716.9700,717.1900,37700
1466450942,716.4000,717.3906,716.3500,717.3100,45600
1466451244,715.4900,716.5000,715.4900,716.3850,66600
1466451599,715.7400,715.9550,715.2201,715.3026,34600
1466451848,716.1800,716.7280,715.6200,715.7600,48200
1466452142,714.4834,716.1900,714.3200,716.1900,58600
1466452446,713.4100,714.8050,713.2550,714.2100,80800
1466452740,714.0100,714.4800,713.2670,713.4000,134000
1466452800,714.0100,714.0100,714.0100,714.0100,200000
1466516040,715.5800,716.9700,713.5300,715.7200,0
1466516340,717.2420,717.5833,714.9500,715.7221,81000
1466516641,716.8980,718.2500,716.7300,716.8800,82100
1466516941,717.6500,718.4000,716.4900,716.9100,57900
1466517294,717.4200,718.2000,716.7250,717.1700,46000
1466517540,716.8000,717.6100,716.2500,717.4200,34400
1466517842,716.6600,716.9200,715.7901,716.5000,54200
1466518151,716.7200,717.2400,716.4000,716.8100,44300
1466518440,716.4100,716.9550,716.3600,716.7100,24400
1466518740,715.9850,716.7900,715.5200,716.6900,29300
1466519052,715.0900,716.1200,714.2000,715.8450,47800
1466519347,716.2900,716.5600,714.8900,714.8900,39000
1466519640,716.0900,716.3200,715.4600,716.3100,16400
1466519953,715.9800,716.3200,715.7000,716.3200,19900
1466520254,715.8900,716.4700,715.5400,715.9800,15600
1466520556,714.2200,715.8500,714.2200,715.7100,27300
1466520850,714.0000,714.5500,713.8000,714.1300,28000
1466521163,713.3000,714.0800,713.0000,713.9100,32400
1466521447,714.2868,714.6600,712.7210,713.5800,40700
1466521750,715.3200,715.3400,714.4300,714.4500,36100
1466522041,715.0519,715.3200,714.3700,714.9700,13900
1466522344,715.7000,715.8838,715.1100,715.3300,19100
1466522642,714.2000,715.7000,714.2000,715.5900,15800
1466522940,713.3100,714.2599,713.1300,714.0200,37800
1466523240,713.1700,713.6600,713.1600,713.3500,16300
1466523583,714.3400,714.4000,713.3000,713.3800,28900
1466523844,714.7050,714.9700,714.2400,714.2600,12400
1466524144,714.5725,714.5725,713.7200,714.5100,13700
1466524440,714.2500,714.7600,714.0200,714.7600,15200
1466524740,714.8948,715.0000,714.1400,714.2400,23100
1466525053,715.5950,715.7000,714.7500,714.7600,22600
1466525346,715.8700,716.1700,714.8900,715.5950,34900
1466525686,715.3900,716.0450,715.3900,715.7115,18300
1466525952,716.3000,716.6700,715.4980,715.5100,18000
1466526256,717.0900,717.1400,716.3810,716.5500,18900
1466526555,717.4895,717.5300,716.8515,717.1600,24900
1466526847,716.4700,717.5800,716.4500,717.4900,23900
1466527174,715.7000,716.4971,715.6500,716.4730,14400
1466527440,715.8000,716.0500,715.5000,715.7972,12400
1466527743,715.8460,716.0000,715.6200,715.8800,10000
1466528052,715.0600,715.6300,714.9500,715.6300,11300
1466528363,715.1700,715.3447,714.6300,714.9000,10100
1466528651,715.0554,715.2700,714.7775,715.2388,9600
1466528881,715.1300,715.6300,715.0000,715.0000,11000
1466529248,714.5500,715.3400,714.4500,714.9400,14400
1466529549,714.5523,714.8000,714.3600,714.7999,9000
1466529850,713.6200,714.5400,713.6200,714.5400,14400
1466530155,713.7901,714.1100,713.4000,713.6800,15000
1466530443,713.7900,714.2900,713.4300,713.9900,13900
1466530791,713.7381,714.0199,713.0000,714.0199,19500
1466531048,713.8200,714.1100,713.5600,713.7533,16200
1466531347,713.5000,714.2500,713.1401,713.7400,13800
1466531646,714.1583,714.3100,713.4755,713.4755,13100
1466531944,714.2000,714.5499,714.0800,714.2800,10200
1466532250,714.4078,714.5500,714.0385,714.5500,10200
1466532543,714.7300,714.7300,714.0200,714.1900,24600
1466532885,714.5557,715.0700,714.4500,714.8140,18700
1466533171,714.7600,715.1000,714.5180,714.8400,12700
1466533451,714.2401,715.0560,714.0000,714.6800,15900
1466533620,714.3700,714.6500,714.2200,714.3054,6800
1466534045,714.3190,714.8400,714.1400,714.7600,11800
1466534395,715.6400,715.8000,714.5100,714.5700,28100
1466534643,714.7000,715.6950,714.7000,715.2705,15200
1466534948,715.3200,715.5200,714.6226,714.6226,9100
1466535247,715.1300,715.4000,715.0500,715.1640,6000
1466535547,714.7102,715.2700,714.7000,714.9411,10100
1466535851,713.7001,714.9800,713.7001,714.7400,15400
1466536148,713.6400,714.4900,713.3800,713.6700,12600
1466536482,714.0101,714.3800,713.4901,713.4901,7500
1466536745,714.9700,715.3065,714.3200,714.3200,14500
1466537049,714.9700,715.0500,714.5400,714.8800,14500
1466537343,715.4000,715.7500,715.0001,715.2300,23300
1466537644,715.4000,715.6400,715.0000,715.4600,18500
1466537943,715.8600,716.1800,715.2300,715.4451,46500
1466538241,715.1100,715.8500,714.7700,715.8500,19100
1466538542,715.6000,715.8677,714.7900,715.0180,30200
1466538844,715.6500,716.0500,715.4800,715.5600,37400
1466539140,715.7900,716.4500,715.0000,715.6400,255700
1466539200,715.8200,715.8200,715.8200,715.8200,0
1466602440,713.3800,717.0000,713.2116,716.6000,0
1466602799,710.2400,713.6000,710.0000,713.3400,109600
1466603042,709.8800,710.7300,709.3200,710.5000,56600
1466603399,709.4900,710.0159,708.9000,709.8500,51800
1466603644,709.1700,710.1700,708.9700,709.4900,49000
1466603941,708.7100,709.2600,708.2800,709.2560,45000
1466604245,708.2108,708.6700,707.5650,708.4000,47300
1466604542,709.7500,709.9100,707.9135,707.9135,40300
1466604841,710.1300,710.2500,709.1500,709.4200,39000
1466605152,710.0300,710.5000,709.5400,710.2000,27100
1466605441,709.9531,710.4546,709.6300,710.0900,22000
1466605748,710.1200,710.7000,709.8500,710.1800,31000
1466606051,710.6700,710.7100,709.8200,710.3800,20500
1466606347,710.4100,711.1000,710.2000,710.6900,38400
1466606699,711.5900,711.8300,710.2000,710.3700,24400
1466606943,711.0000,711.5900,710.8150,711.4700,30400
1466607244,711.5362,711.7700,710.4600,711.3000,25300
1466607543,711.8500,711.9800,711.1900,711.5900,18000
1466607848,712.3453,713.0100,711.5900,711.8833,53000
1466608162,712.2200,712.7900,711.7250,712.4700,21700
1466608444,712.8680,712.9800,712.3300,712.3300,17700
1466608741,713.9500,713.9900,712.3300,712.5000,25200
1466609044,714.2900,714.7900,713.7100,713.7100,30000
1466609351,714.4100,715.0700,714.2000,714.2100,43700
1466609650,712.0000,714.4500,712.0000,714.4500,45000
1466609954,712.8750,713.4700,711.8801,712.1950,21000
1466610243,713.2499,713.2800,712.1500,712.9999,16700
1466610541,712.5100,713.1900,712.5100,712.8550,14000
1466610846,714.0000,714.0000,712.5600,712.8300,22400
1466611156,712.9120,713.9400,712.6100,713.6300,12100
1466611456,714.1400,714.1400,712.8000,712.9450,23200
1466611742,714.1900,714.4900,713.5900,714.0700,21000
1466612069,713.1900,714.0000,713.0400,713.7000,12900
1466612340,712.7720,713.5066,712.5000,713.5066,19500
1466612646,710.9700,712.9000,710.9700,712.8000,37100
1466612944,711.2700,711.3250,710.3600,710.9500,20900
1466613245,711.5800,711.8500,710.6000,711.2000,17500
1466613546,710.8900,711.6800,710.8348,711.5400,17900
1466613849,711.6800,711.8700,710.8100,710.8100,16600
1466614141,711.7200,711.7900,710.6200,711.5141,17400
1466614464,712.2950,712.4400,711.7000,711.7000,25000
1466614745,711.9300,712.3900,711.6900,712.2200,26500
1466615041,711.3300,711.8600,711.0600,711.8200,31100
1466615354,710.8300,711.5000,710.3500,711.1100,13400
1466615642,710.3500,710.7993,710.0000,710.3500,21300
1466615944,711.1900,711.2000,710.1100,710.1900,19700
1466616246,711.6800,711.6900,711.0000,711.2000,17300
1466616541,711.9700,712.0000,711.1500,711.4000,15700
1466616884,711.6500,712.2396,711.4701,711.8300,8100
1466617145,712.1300,712.4900,711.4500,711.7300,9000
1466617447,711.4600,712.3600,711.3700,712.1781,18200
1466617749,711.6600,712.0300,711.2800,711.3500,9800
1466618041,713.3900,713.4900,711.9900,712.0000,31200
1466618345,712.9800,713.6000,712.8900,713.4500,17600
1466618644,713.3200,713.7000,712.6737,713.0200,16200
1466618941,713.6300,714.1100,713.2940,713.2940,12000
1466619240,713.6600,714.0599,713.1800,713.8000,11200
1466619554,713.2000,713.7900,713.1900,713.6000,11500
1466619844,713.4500,713.5000,712.9000,713.3600,12800
1466620145,713.4600,713.8500,713.2000,713.4800,13400
1466620492,713.3800,713.9000,713.2400,713.2400,9100
1466620757,712.3000,713.3800,712.2100,713.3800,19700
1466621053,712.4600,713.0269,712.2000,712.2000,12000
1466621352,711.5000,712.6694,711.4800,712.5150,16700
1466621696,711.5400,711.7600,711.1200,711.6150,15000
1466621970,711.7461,711.8300,711.3300,711.5750,6900
1466622259,712.0500,712.5000,711.6600,711.6600,16700
1466622543,711.8727,712.7100,711.8024,712.1800,13100
1466622844,711.9900,712.0000,711.5000,711.6500,14500
1466623171,712.3300,712.7599,711.8250,711.9800,13700
1466623461,712.0200,712.1100,711.1930,711.9600,20500
1466623762,711.7500,712.1899,711.6100,712.0682,11300
1466624043,711.2250,711.9900,711.2250,711.7000,17600
1466624345,712.3100,712.4200,710.7900,711.1911,33300
1466624640,711.2200,712.4600,711.2200,712.2800,31700
1466624940,710.4095,711.3299,710.1000,711.2245,52400
1466625240,710.5075,710.5075,709.5300,710.2800,68100
1466625540,710.6000,711.1200,709.7600,710.6800,96800
1466625600,710.6000,710.6000,710.6000,710.6000,72100
1466688842,714.7450,716.0000,713.5900,715.5000,0
1466689141,713.2000,715.7700,712.7700,714.7250,75900
1466689457,712.6000,714.0000,712.5000,713.4200,39600
1466689751,713.6600,714.0000,712.5300,713.1300,56200
1466690099,715.0095,715.9400,713.6200,713.7900,88900
1466690340,717.0656,717.0900,714.5900,714.9400,84000
1466690647,718.9400,718.9800,716.7200,717.1200,116400
1466690944,719.3300,719.7900,718.5000,718.7100,78300
1466691242,719.5400,720.0100,718.9500,719.4500,83800
1466691548,718.5500,720.1000,718.5300,719.7000,68800
1466691840,719.2000,719.2100,718.1700,718.5500,34700
1466692146,719.2900,719.8900,718.7000,719.3600,49500
1466692441,717.8500,719.4900,717.5200,719.2000,51600
1466692756,718.1199,718.1800,717.1100,717.9800,44300
1466693055,718.7600,719.1500,717.8118,718.0400,25500
1466693343,719.2000,719.3100,718.0400,718.5600,22800
1466693649,720.3300,720.6400,719.1390,719.2067,80500
1466693999,719.3100,720.5100,719.2000,720.2860,39900
1466694251,719.1650,719.5200,718.9820,719.1300,35900
1466694543,719.1035,719.4900,718.9300,719.1082,34600
1466694840,718.4900,719.0000,718.1200,719.0000,20500
1466695142,718.9920,719.3599,718.5100,718.5200,36200
1466695380,719.1600,719.3800,718.8201,718.8700,21600
1466695740,719.4900,719.7500,718.6600,719.1100,28900
1466696050,719.2100,719.9200,719.1500,719.5000,21100
1466696286,719.0300,719.4900,719.0000,719.3300,15100
1466696640,719.1900,719.1900,718.5000,718.9800,20200
1466696945,719.0000,719.4500,718.6000,719.1050,42600
1466697241,719.1600,719.6300,719.0495,719.0495,26700
1466697540,719.4600,719.7200,719.1200,719.2000,14800
1466697841,719.1200,720.1000,719.1200,719.3500,27100
1466698153,719.4200,719.4900,719.0000,719.2950,17400
1466698441,719.3000,719.5500,719.2400,719.4700,6300
1466698745,719.2500,719.4640,719.1500,719.3100,12200
1466699049,719.0800,719.6000,719.0700,719.3900,11700
1466699347,719.3600,719.7300,719.2700,719.2900,16900
1466699641,719.3400,719.5700,719.1400,719.3700,8300
1466699953,719.3000,719.5800,719.0400,719.3050,19100
1466700244,719.5520,719.6100,719.1100,719.4520,22600
1466700541,718.9850,719.5950,718.8600,719.3500,18300
1466700845,719.4200,719.4999,718.8500,719.0000,10900
1466701144,719.3000,719.4300,718.9000,719.4300,9600
1466701454,719.4075,719.5800,719.1401,719.3200,10100
1466701797,719.4800,719.4900,719.1000,719.2600,8300
1466702044,719.3100,719.7380,718.9500,719.4900,15500
1466702342,719.4400,719.8000,719.1000,719.1000,18500
1466702649,719.3100,719.8100,719.1400,719.4500,18200
1466702940,719.5400,719.5900,719.0600,719.0800,13800
1466703180,719.3500,719.6900,719.3200,719.4300,10500
1466703547,718.4000,719.4000,718.0900,719.4000,19200
1466703867,718.4100,718.5100,717.6600,718.3500,19700
1466704140,718.4308,718.7600,718.2302,718.5000,11200
1466704440,719.0000,719.0000,718.3000,718.3100,14200
1466704754,719.1000,719.2400,718.7900,719.1100,22800
1466705067,719.0800,719.0800,718.5900,718.8700,15800
1466705358,719.3100,719.4400,719.0000,719.1700,13600
1466705653,719.2500,719.7400,719.2500,719.4800,21900
1466705957,719.2300,719.5500,719.0550,719.3000,10300
1466706241,718.9020,719.5486,718.8250,719.2400,13500
1466706549,719.3499,719.4500,718.8800,718.9100,11900
1466706840,719.4000,719.5000,718.9000,719.3500,10400
1466707141,719.5690,719.7300,719.2600,719.5000,13300
1466707466,719.0701,719.6900,719.0300,719.4700,12900
1466707798,718.8700,719.6000,718.7905,719.0000,25900
1466708049,719.2800,719.4600,718.8000,718.9000,24700
1466708341,719.2950,719.4120,719.1757,719.4100,12900
1466708648,719.1575,719.4750,719.0700,719.2500,17500
1466708942,719.2200,719.3568,718.7500,719.1400,16100
1466709240,719.1000,719.2950,718.8200,719.1013,13400
1466709540,718.4100,719.0900,718.4100,719.0800,21500
1466709848,718.3700,718.6100,717.7590,718.3200,20900
1466710141,718.5900,718.7100,718.1000,718.1800,25900
1466710442,718.9400,719.2500,718.5200,718.5700,18900
1466710798,719.2599,719.3000,718.8400,718.8400,22900
1466711041,719.5000,719.7000,719.1100,719.1760,55800
1466711341,720.0216,720.4500,719.5500,719.7100,75000
1466711640,721.4400,721.7400,720.2000,720.2000,107200
1466711940,722.0800,722.1200,721.1900,721.5300,151200
1466712000,722.0800,722.0800,722.0800,722.0800,11000
1466775240,701.2000,701.8700,693.1500,693.1500,0
1466775542,706.1110,707.5700,701.1400,701.6300,281800
1466775847,709.4100,710.7500,704.4500,705.9700,264600
1466776142,707.5379,709.4100,707.0000,708.8367,149000
1466776440,710.4511,710.5000,705.7552,707.1500,145400
1466776799,710.1800,712.5292,709.5100,710.2967,162800
1466777040,710.6435,712.3399,709.1173,710.2400,106200
1466777342,711.1299,711.1300,709.0000,710.6100,94800
1466777642,710.2600,711.9800,709.0300,711.3800,88700
1466777940,707.5200,710.4600,707.5200,710.2100,102900
1466778240,705.5600,708.9716,705.4100,707.5400,117800
1466778542,705.8900,706.3600,705.0532,705.6400,72600
1466778843,704.4100,707.2000,704.2600,705.9300,104500
1466779144,707.3900,707.4400,704.1759,704.4000,56500
1466779440,705.2900,707.2500,704.6900,707.2500,80200
1466779748,705.3450,706.7440,705.0900,705.6500,43300
1466780095,705.3100,706.0589,704.5100,705.5300,54300
1466780343,703.1099,705.5900,702.7500,705.5900,95600
1466780642,701.5800,703.6700,701.3300,703.5600,112300
1466780940,704.4400,704.5000,700.6600,701.6300,124300
1466781245,703.5550,704.9230,702.6313,704.5900,71900
1466781543,701.9900,703.8516,701.3300,703.1850,47900
1466781895,701.3100,702.9700,701.0100,701.7100,232600
1466782199,702.7350,703.2000,701.0000,701.3300,56700
1466782492,703.7300,704.3799,702.5110,702.7300,43200
1466782749,702.2900,704.3500,702.0200,703.7058,24300
