1465565652,412.2500,413.8700,412.0600,412.5600,88600
1465565943,408.1400,412.0700,406.0000,412.0700,73600
1465566246,410.3700,410.3700,406.0800,407.9900,52000
1465566543,411.3800,411.7080,409.5300,410.8600,47000
1465566841,412.0300,412.8800,411.2200,411.4200,37900
1465567197,412.9250,413.6900,412.0300,412.1900,32300
1465567443,411.5699,413.6900,411.2720,413.2700,41200
1465567745,410.4961,412.4100,410.1814,411.5600,19100
1465568099,409.1600,410.8100,409.1600,410.3200,15600
1465568344,409.7300,410.2800,409.1300,409.5000,15100
1465568647,411.0700,411.1900,409.2800,409.8000,10600
1465568941,410.0300,411.6400,409.8100,411.1800,14400
1465569298,410.2985,410.8400,409.5100,409.6010,14000
1465569572,409.5000,410.6899,409.5000,410.1700,7700
1465569894,408.5700,409.4000,408.4550,409.4000,8600
1465570144,408.3450,408.7600,407.6500,408.7600,31500
1465570440,407.3100,408.9499,407.0100,408.1800,22000
1465570745,407.0100,407.7600,407.0000,407.4300,19500
1465571051,408.1650,408.1650,406.6400,406.8200,23600
1465571355,407.7039,408.2399,407.1200,407.7549,19100
1465571667,406.7000,407.7600,406.6600,407.5400,11000
1465571947,407.3250,407.7350,406.3100,406.5700,28000
1465572297,407.5150,407.6600,407.0000,407.2400,12300
1465572599,408.8500,409.2400,407.5950,407.5950,18000
1465572840,411.2650,411.5299,408.9383,408.9600,54100
1465573197,411.2733,411.8800,410.5900,411.6900,26200
1465573448,410.0000,411.5000,410.0000,411.0300,11600
1465573783,410.4300,410.9186,410.0100,410.3050,3700
1465574040,409.9699,410.7907,409.2500,410.7907,14800
1465574352,410.4001,410.9200,409.8400,409.9500,12700
1465574651,411.0300,411.2000,410.3000,410.4500,13900
1465574941,411.2100,411.4600,410.5000,410.7700,10600
1465575244,410.8300,411.4500,410.7400,411.3000,15400
1465575545,411.0250,411.2900,410.8500,411.0000,3900
1465575840,410.8500,411.1200,410.8150,410.8700,5000
1465576144,411.0000,411.2800,410.7500,411.1300,12300
1465576445,410.8940,411.2300,410.8940,411.0000,3900
1465576740,411.7500,411.9200,411.1200,411.1200,12000
1465577048,411.1700,411.9200,411.1600,411.7000,7600
1465577396,410.1200,411.1001,410.0200,411.1000,10300
1465577643,410.4600,410.6200,409.8600,410.0800,16000
1465577959,410.1700,410.7000,410.1700,410.4600,2900
1465578249,410.6600,410.6600,410.1300,410.1300,5900
1465578430,409.7500,410.3400,409.3300,410.3400,5700
1465578845,409.1100,409.7700,409.0100,409.7250,9700
1465579174,408.2100,409.0000,408.2100,408.9000,7300
1465579463,408.5800,409.0164,408.0001,408.4000,6900
1465579794,408.0400,408.8399,408.0100,408.6067,11300
1465580051,407.5300,408.4900,407.5300,408.4900,9100
1465580366,407.0920,407.7600,407.0250,407.5500,5100
1465580682,407.8600,407.8600,406.8600,407.1350,13300
1465580950,406.8450,407.7199,406.7500,407.7199,11100
1465581246,406.8500,407.1000,406.4500,406.7500,14400
1465581543,406.5600,407.1900,406.5600,406.6000,4500
1465581854,406.4800,406.9650,406.3001,406.7750,10000
1465582140,405.9900,406.5200,405.6200,406.3500,12500
1465582440,406.1800,406.5899,405.6200,405.9100,11500
1465582745,405.9100,406.5400,405.7500,406.3350,9100
1465583072,406.4050,407.0400,405.9915,405.9915,25900
1465583349,406.1800,406.4899,406.1700,406.4050,11200
1465583645,405.7298,406.4650,405.6500,406.3000,10300
1465583942,405.2250,405.6900,404.9300,405.6550,32900
1465584255,404.6100,405.1700,404.5600,405.1700,11500
1465584542,403.2400,404.8150,403.2400,404.8150,19700
1465584842,404.5300,404.8300,403.1300,403.3300,16400
1465585157,404.2000,404.9302,404.0653,404.6500,10800
1465585442,404.6050,404.6800,404.1800,404.1800,24500
1465585740,404.0100,404.6700,403.8000,404.6300,17800
1465586040,403.9600,404.3700,403.6550,403.9001,17500
1465586340,404.9900,405.0700,404.1800,404.2950,10500
1465586671,404.7000,405.4900,404.7000,404.9750,14700
1465586951,404.3600,404.8599,404.0801,404.6201,17000
1465587294,404.3750,404.6844,404.2000,404.2500,38900
1465587550,404.6900,404.9100,404.3950,404.5200,34500
1465587843,404.5700,405.0000,404.5700,404.8300,23100
1465588141,405.6300,405.9800,404.7400,404.8000,47100
1465588448,404.8300,405.7500,404.8050,405.6300,25500
1465588741,405.0300,405.3700,404.8200,404.9800,60600
1465588800,405.0300,405.0300,405.0300,405.0300,100
1465824894,403.9950,404.8000,400.2600,400.2600,0
1465825140,400.0000,404.8550,399.0000,404.7750,88500
1465825499,400.8900,402.0850,399.4500,400.3500,40000
1465825758,403.0501,403.5600,399.0300,400.7850,60600
1465826051,404.2000,404.2000,402.5000,403.1900,38800
1465826340,404.0200,405.4032,403.6700,404.0350,36400
1465826648,402.9510,405.2799,402.9200,404.5700,16900
1465826999,403.5100,403.9900,402.0100,403.0660,29000
1465827240,403.4000,404.4000,402.4800,403.2000,19800
1465827550,402.5350,403.7500,402.1100,402.9500,15400
1465827845,401.8500,403.5700,401.6000,402.1650,18900
1465828140,404.2150,404.7700,401.5500,401.9998,24900
1465828474,404.1600,404.3000,403.4138,404.2700,5900
1465828798,403.2934,404.6250,403.0500,404.0550,14700
1465829049,403.0000,403.8000,403.0000,403.7965,10800
1465829374,402.7050,403.2700,402.0100,402.7100,10700
1465829657,402.5000,403.1300,401.6990,402.7150,15300
1465829995,402.2950,402.2950,401.5620,402.1600,9800
1465830241,402.7100,403.4900,401.9100,401.9100,17300
1465830540,402.3900,402.6900,401.5600,402.3700,9000
1465830874,402.7050,403.1900,402.1100,402.5200,16300
1465831141,402.2500,402.9399,401.6805,402.7100,9200
1465831442,401.9500,402.3400,401.7300,402.1100,4000
1465831741,402.0900,402.7800,401.7000,402.0700,15200
1465832040,402.1100,402.5000,401.6300,402.1800,9900
1465832340,401.7000,402.4500,401.7000,401.9900,13700
1465832670,401.2800,402.3500,400.9200,401.9400,16100
1465832951,400.9200,401.5795,400.5000,401.2500,13400
1465833255,401.3000,401.7012,400.7100,400.8774,9300
1465833544,400.7800,401.4010,400.5000,401.0100,21200
1465833868,400.6353,401.3500,400.5200,400.6150,9000
1465834148,400.4100,400.8300,400.0000,400.5966,14200
1465834454,400.6500,401.3600,400.1300,400.2700,20500
1465834745,401.0900,401.3500,400.2900,400.2900,5900
1465835057,400.6100,401.7900,400.5700,401.0200,19000
1465835348,401.2660,401.6073,400.5201,400.8900,15900
1465835647,400.8400,401.4000,400.7900,401.4000,11800
1465835961,401.1600,401.7900,400.4400,400.4550,9900
1465836206,401.1300,401.3995,400.6400,401.1700,6700
1465836573,400.6200,401.4200,400.5000,400.8401,5000
1465836852,400.8200,401.1900,400.5800,400.9000,8000
1465837155,401.1301,401.9000,400.7700,400.7700,11700
1465837446,401.4900,401.8910,400.9900,401.1500,6900
1465837759,401.1500,401.4900,400.9800,401.4600,5100
1465837994,401.0500,401.5200,400.9060,401.1600,3800
1465838357,400.7800,401.1400,400.6600,401.0400,5800
1465838670,401.5500,401.5500,400.7700,400.7900,8200
1465838942,401.5500,401.7600,401.3300,401.3700,6200
1465839266,401.0000,401.8600,400.8800,401.8600,3400
1465839553,400.3200,401.2500,400.2800,401.2500,14000
1465839845,400.2000,400.6225,399.7600,400.1850,28300
1465840148,400.2400,400.6200,400.0600,400.4100,20500
1465840440,399.7600,400.2800,399.7600,400.2800,19400
1465840753,398.7200,399.7899,398.6400,399.6620,14600
1465841052,399.7400,399.7400,398.8200,398.9900,24100
1465841345,399.1400,400.0000,398.9300,399.8900,34900
1465841643,398.1500,398.9200,397.6911,398.8500,37000
1465841999,397.6800,399.6100,397.2100,398.3850,54800
1465842242,397.3900,398.6400,396.5600,397.7150,40400
1465842546,397.9900,398.6900,397.2500,397.5500,14700
1465842849,399.2300,399.2300,397.5201,397.9800,22000
1465843199,400.2700,400.2700,398.3600,399.0100,52500
1465843451,399.2900,400.3300,399.2900,400.2700,23400
1465843758,398.7400,399.8000,398.6500,399.5000,9900
1465844059,398.8500,399.3200,398.2600,398.6600,14900
1465844345,398.7000,399.4400,398.6500,398.9720,11400
1465844672,398.5800,399.4900,398.2800,398.2800,19900
1465844954,397.6400,398.6400,397.4000,398.6400,19100
1465845242,397.0200,397.9900,397.0000,397.4000,11400
1465845560,397.6132,397.8815,397.0000,397.2900,15300
1465845844,396.1350,397.6800,396.0802,397.5500,15800
1465846140,395.6318,396.7700,395.5800,396.1200,43000
1465846442,396.8100,396.9890,395.3200,395.6900,45500
1465846745,395.7800,396.4300,395.2800,396.4300,42300
1465847051,394.3100,395.9046,394.3100,395.9046,40900
1465847341,393.6800,394.4999,393.6400,394.4000,59800
1465847643,394.0200,394.8400,393.6300,393.6700,58500
1465847942,393.9250,394.4600,393.6800,394.1100,83700
1465848000,393.7600,393.7600,393.7600,393.7600,100
1465911240,390.4650,392.3600,389.0700,390.6000,0
1465911549,390.5100,392.0000,389.0800,390.5050,50000
1465911849,388.4500,390.1500,386.0200,389.9100,68000
1465912141,386.2900,388.0650,386.1100,388.0500,37800
1465912451,386.0300,386.6500,384.7700,386.1300,72100
1465912798,388.1534,388.3000,385.8500,386.2000,45100
1465913050,389.0800,389.4700,388.0100,388.2900,39400
1465913358,389.5175,389.9400,389.1070,389.1100,31000
1465913643,388.5000,390.2900,388.4400,389.5700,24700
1465913940,387.1400,388.8900,387.1200,388.5000,20400
1465914281,388.3000,388.4100,387.3900,387.8550,14800
1465914540,388.5800,388.5800,387.2800,388.1300,13700
1465914842,388.2500,389.5000,388.2500,388.5900,17800
1465915159,388.5742,388.8550,388.0600,388.5150,13400
1465915448,389.5300,389.8450,388.5201,388.6900,16900
1465915766,389.9100,390.4999,389.3100,389.5200,24100
1465916097,389.2200,390.4000,389.0000,389.9900,21500
1465916395,389.7950,389.9800,388.7600,389.2200,13500
1465916698,389.8899,389.8899,389.2801,389.8550,10000
1465916967,389.0000,390.3700,389.0000,389.8900,23700
1465917244,389.9800,390.4900,388.8300,389.0700,24100
1465917591,390.4900,390.4900,389.4550,389.7100,23800
1465917868,390.1000,391.2200,389.9800,390.3155,21300
1465918197,390.0000,390.6300,389.2400,390.3300,42300
1465918454,390.1500,390.2300,389.6600,390.0000,15800
1465918740,390.0100,390.3900,389.7400,390.1900,19000
1465919041,389.8800,390.2300,389.5000,390.0519,18600
1465919351,390.4700,390.6200,389.5300,389.8000,24600
1465919650,390.5100,391.1600,390.3000,390.6050,12300
1465919971,390.1800,390.9500,389.9100,390.7600,15200
1465920183,390.4900,390.5010,389.8000,389.8200,9200
1465920540,390.6500,390.9200,390.1100,390.1100,13000
1465920848,391.5150,391.7000,390.6000,390.6400,9500
1465921151,391.6700,392.2400,391.5300,391.7300,14500
1465921444,393.3900,393.3900,391.8000,391.8400,16700
1465921759,393.6700,394.2100,393.1600,393.2400,23400
1465922057,394.1230,395.2900,393.4500,393.6700,29900
1465922399,393.0600,394.2000,392.9700,394.2000,16700
1465922644,393.5000,393.7350,392.7600,393.2800,32000
1465922943,393.0000,393.9600,393.0000,393.8100,22700
1465923280,392.3000,393.2600,392.2900,392.8100,6500
1465923599,392.3500,392.3800,391.3400,392.3800,18100
1465923853,392.8600,393.2200,392.0800,392.3551,10000
1465924195,392.5700,392.5962,392.0100,392.5000,7400
1465924456,392.4000,392.4000,392.0000,392.2940,13300
1465924730,392.6959,392.8600,392.3200,392.4146,3700
1465925094,392.9499,393.0300,392.3600,392.7100,20300
1465925340,392.7573,393.4000,392.5200,393.0500,8800
1465925652,393.6200,393.8500,392.5500,392.9000,8900
1465925981,392.9200,393.8340,392.9200,393.6800,8800
1465926262,393.3650,393.3650,392.5600,392.8300,14000
1465926542,394.0400,394.2940,393.0533,393.1800,16000
1465926894,393.7700,394.2300,393.7700,393.9800,3700
1465927141,393.2300,393.8800,393.0000,393.7500,7500
1465927473,393.4650,393.5500,393.0800,393.1900,6800
1465927750,393.8300,393.9500,393.0400,393.4600,9400
1465928088,393.9400,394.0200,393.3200,393.5200,10000
1465928380,393.8397,394.0200,393.5500,393.9600,9000
1465928663,394.1550,394.4100,393.6000,393.7500,12400
1465928967,394.4400,394.4900,393.8600,393.8600,5000
1465929245,394.5992,394.9600,394.1201,394.5600,8500
1465929543,394.8100,394.8100,393.5101,394.5700,9600
1465929840,395.1200,395.4500,394.5550,394.5550,15900
1465930140,393.8370,395.3830,393.7200,395.0300,12400
1465930481,393.6700,394.0400,393.2600,394.0400,10800
1465930765,393.1500,393.8400,393.1500,393.7150,10500
1465931050,394.2700,394.2700,393.0300,393.2950,10900
1465931342,394.5200,395.0100,394.0401,394.0401,15200
1465931641,394.8800,395.0000,394.0000,394.5263,13600
1465931999,394.8301,395.4398,394.7100,394.8000,12200
1465932268,394.6260,395.1400,394.4500,394.8300,12900
1465932576,394.9250,394.9499,394.5700,394.8360,14900
1465932840,395.6200,395.8700,394.5601,394.9300,23100
1465933141,395.1100,395.7340,394.6750,395.6700,21400
1465933492,395.0000,395.2400,394.5000,394.8218,18600
1465933749,394.9400,395.3199,394.3400,394.6000,27100
1465934099,395.0600,395.2500,394.5300,394.9600,31200
1465934343,395.0600,395.2960,394.9300,395.1300,47000
1465934400,395.2500,395.2500,395.2500,395.2500,700
1465997643,397.6943,398.3000,396.1400,396.1400,0
1465997946,399.4000,401.5400,397.8800,397.8900,51000
1465998240,400.2600,400.4500,398.4900,399.3530,17300
1465998548,398.5000,400.6900,397.7300,400.5050,15700
1465998844,400.0700,400.4200,398.2200,398.9500,44000
1465999148,401.1000,401.4300,399.9700,400.0601,16800
1465999499,401.5000,402.3478,400.4701,400.9300,31400
1465999742,400.7990,402.0200,400.4800,402.0099,5900
1466000098,400.8000,401.5300,400.3300,400.7500,14800
1466000368,399.9400,401.1500,399.1101,400.8100,13700
1466000640,399.7950,400.0700,399.2400,399.7950,20200
1466000948,400.1150,400.7000,399.4400,399.5800,8100
1466001287,400.6400,400.9200,400.2500,400.5560,8500
1466001598,400.6000,401.0700,400.2400,400.9700,25500
1466001842,399.6950,400.4600,398.5400,400.2800,21100
1466002081,400.1550,400.9700,399.0100,399.5100,23400
1466002449,400.0150,400.7100,399.8900,400.3600,7800
1466002743,400.2000,400.4650,399.9800,400.1400,6800
1466003099,400.5000,401.3900,399.6800,400.2000,15700
1466003350,399.6600,400.8531,399.5300,400.7250,8900
1466003649,399.2700,400.1900,399.1650,399.4600,12600
1466003941,399.2650,399.4400,398.8100,399.0250,10100
1466004267,398.5400,399.6100,398.5400,399.3600,7000
1466004543,397.9600,398.5999,397.7100,398.4500,11000
1466004846,396.7100,398.0500,396.7100,397.9400,12400
1466005197,397.9500,397.9500,396.7750,396.8500,13000
1466005383,397.1450,398.4500,397.0200,397.7880,8000
1466005741,397.0200,398.3200,396.6100,397.0000,16500
1466006058,397.2900,398.2900,396.8600,396.8600,9400
1466006361,396.9000,397.6900,396.6200,397.0900,6700
1466006643,396.3269,397.3661,396.1830,396.3300,8900
1466006960,395.5400,396.2540,395.1600,396.1200,19800
1466007247,393.9200,395.4985,393.8480,395.4985,17500
1466007542,395.2700,395.5000,393.9200,394.1050,18200
1466007862,394.2500,395.4040,394.2000,395.4040,5900
1466008199,394.3100,394.4600,393.9100,394.0000,4600
1466008449,394.4856,394.7050,393.8198,394.3900,5600
1466008740,393.5700,394.4100,393.5700,394.0600,5300
1466009047,392.3500,393.7942,392.3300,393.7250,18500
1466009363,392.1100,392.9901,392.0600,392.5000,13500
1466009673,390.9500,392.2200,390.9500,392.0700,13200
1466009951,391.1550,391.6200,390.9500,390.9500,19700
1466010249,391.5550,391.9500,390.9700,391.4850,16700
1466010540,391.7899,391.7900,391.2450,391.4700,13400
1466010860,391.4800,391.8300,391.1500,391.7199,10800
1466011163,391.0000,391.9000,390.7300,391.3700,12400
1466011451,390.7700,391.7300,390.7700,391.2100,8500
1466011742,392.2220,392.7790,390.7100,390.7900,21300
1466012064,391.3300,392.7300,391.1664,392.5050,14400
1466012342,391.1200,391.5300,390.8800,391.3300,20700
1466012580,390.8500,391.3507,390.8500,391.3507,2600
1466012943,391.0700,391.0700,390.7400,390.8800,8000
1466013242,392.0750,392.4400,391.0850,391.1125,11800
1466013599,392.1800,392.1900,391.4700,392.0250,10100
1466013861,391.6500,392.6000,391.2500,392.1900,9300
1466014143,391.6300,392.5000,391.5107,391.6500,13400
1466014442,391.0700,391.8550,390.5300,391.4167,9600
1466014751,391.1950,392.1550,390.8500,390.8500,9400
1466015040,391.6600,391.7500,390.7000,391.7500,12000
1466015341,391.3450,391.6100,390.9600,391.6100,8700
1466015640,392.1200,392.1200,390.7900,391.2300,7400
1466015967,391.9300,392.1015,391.5540,391.9948,5400
1466016243,391.8000,392.2000,391.6500,391.9000,9500
1466016548,391.3250,392.1500,391.1100,391.8650,10300
1466016899,391.4900,391.7700,390.6950,391.2901,8100
1466017195,391.5850,391.7300,390.7700,391.2200,18400
1466017454,391.5550,391.7900,391.0600,391.1400,18900
1466017780,391.4100,391.9900,391.2901,391.6700,6600
1466018041,391.3650,391.6400,391.2600,391.5500,6900
1466018344,391.1850,391.4050,391.0504,391.2730,6500
1466018694,391.6078,391.6600,391.0804,391.0804,13300
1466018997,392.1500,392.1500,391.4400,391.6540,17400
1466019241,391.6401,392.3500,391.5200,392.1900,27300
1466019544,390.9044,391.7700,390.8020,391.6100,56400
1466019844,391.0700,391.7900,390.7200,390.9300,18000
1466020144,390.5600,391.0900,390.2083,391.0900,21100
1466020441,389.8700,390.5200,389.7100,390.4000,34400
1466020747,390.0400,390.4596,389.4110,389.8700,43200
1466020800,390.0400,390.0400,390.0400,390.0400,100
1466084054,393.9600,393.9600,391.8900,393.0100,0
1466084340,393.4100,394.4200,392.5039,393.5615,22900
1466084642,392.7200,394.0000,392.5101,393.4000,22600
1466084946,393.5600,394.4700,392.3001,393.3950,33300
1466085241,395.7750,396.0300,393.4300,393.7400,39800
1466085549,395.4194,396.0000,394.7600,395.7750,20200
1466085850,393.5500,395.4900,393.5301,394.7500,19800
1466086141,396.1701,396.6699,393.3500,393.5500,32200
1466086444,396.2950,396.4700,395.0900,395.8300,22600
1466086799,395.8900,396.4500,395.2600,396.4500,19500
1466087062,394.2500,396.2839,394.2500,395.7001,14700
1466087351,394.5000,394.9800,393.6500,394.0900,25600
1466087657,393.5700,394.5630,393.5700,394.0500,13600
1466087940,393.2900,394.2375,392.7700,393.3633,15400
1466088249,391.8300,393.3300,391.8300,393.2900,16400
1466088548,391.5700,392.0671,391.5100,391.9000,7700
1466088874,391.2400,391.5300,391.0600,391.5300,7500
1466089140,392.7000,393.0300,391.1701,391.3200,22000
1466089443,391.8700,392.4200,391.8200,392.4200,8600
1466089799,391.6400,392.4500,391.5600,392.0900,9900
1466090050,392.1700,392.2600,391.4100,391.6000,10000
1466090343,391.7300,392.4400,391.2900,392.2100,10800
1466090686,392.4650,392.5500,391.7200,391.7300,10600
1466090940,392.7400,393.3399,392.2100,392.2400,25400
1466091255,392.7950,393.0200,392.0900,392.6301,8200
1466091544,391.8200,393.0600,391.7900,393.0600,7400
1466091879,391.0400,392.0500,390.5700,392.0200,16900
1466092195,391.6800,391.9800,390.7700,391.0400,17900
1466092459,391.0100,391.8600,390.8900,391.8000,9500
1466092752,390.5600,391.2100,390.5300,390.9900,4500
1466093065,391.0500,391.0999,390.1500,390.8400,7500
1466093399,391.1100,391.4700,390.7000,391.1000,9700
1466093641,390.8650,391.1900,390.5800,391.1000,8900
1466093949,391.1450,391.4000,390.6000,390.8900,14400
1466094241,391.3400,391.4900,390.7600,391.2900,8700
1466094547,390.5200,391.2600,390.4400,391.1100,9200
1466094899,390.5200,391.0600,390.0300,391.0600,11000
1466095195,390.6975,390.7600,389.8100,390.3550,16100
1466095494,390.9700,390.9700,390.2800,390.7175,8300
1466095739,390.4800,391.1599,390.2800,390.8700,13100
1466096047,390.1675,390.5560,389.9200,390.5560,7400
1466096341,390.0650,390.4199,389.9000,390.0000,5200
1466096665,390.5800,390.9100,390.3150,390.3300,8500
1466096982,390.1100,390.6800,390.0600,390.5200,7900
1466097251,390.0000,390.4423,389.6500,390.2200,11200
1466097598,390.3000,390.3000,389.5900,390.1700,6400
1466097814,390.2700,390.4700,389.8800,390.3100,4500
1466098142,390.1900,390.3000,389.8100,390.2400,10100
1466098498,390.1800,390.3425,389.8800,390.3425,11800
1466098765,391.2800,391.2800,389.9900,390.6000,11400
1466099053,391.1100,391.5700,391.0000,391.4000,4900
1466099357,390.9100,391.3100,390.6200,391.2600,4200
1466099688,391.1500,391.1500,390.5000,391.1350,3300
1466099998,390.8000,391.1400,390.5600,391.1200,4000
1466100258,391.7899,391.7899,390.6200,390.6300,5300
1466100593,391.8500,392.1399,391.4201,391.5268,10900
1466100845,392.4400,393.1600,391.7650,391.7650,7600
1466101140,393.2200,393.4500,392.3400,392.6300,7400
1466101461,392.9911,393.2330,392.5200,393.1300,7600
1466101749,392.7300,393.2700,392.5017,393.2700,7100
1466102044,393.6800,393.7598,392.9000,392.9000,8600
1466102399,392.9276,394.0584,392.9276,393.6800,16800
1466102655,393.2534,393.5150,392.8800,392.8900,13800
1466102959,394.1899,394.1899,393.0500,393.1500,12800
1466103298,394.5500,394.8293,393.8801,394.1900,14200
1466103549,393.1200,394.5550,393.1200,394.5525,16500
1466103860,394.0500,394.4300,393.1400,393.5400,9700
1466104143,394.1200,394.2050,393.5100,394.1200,7200
1466104445,394.4700,394.7935,393.5601,393.9700,8500
1466104740,394.3921,394.5600,394.0400,394.4900,12100
1466105049,394.1500,394.5700,393.7702,394.2400,13400
1466105366,393.5350,394.2000,393.1300,394.2000,16800
1466105640,393.6901,394.0300,393.5079,393.6400,7600
1466105951,393.2499,393.6699,392.8350,393.4901,15500
1466106251,393.4450,393.6799,392.9300,393.2714,7500
1466106549,393.5000,393.9200,393.0600,393.4550,17300
1466106845,393.4650,393.6200,393.1500,393.6000,18100
1466107142,393.5000,394.1000,393.2700,393.5800,44300
1466107200,393.5300,393.5300,393.5300,393.5300,700
1466170457,396.9400,396.9400,395.0000,395.5000,0
1466170741,396.7100,398.0000,395.5300,395.5300,37400
1466171045,397.2600,397.7900,396.3400,397.0299,21300
1466171347,394.0800,397.3000,394.0500,396.7850,16200
1466171645,393.2800,394.4500,393.0000,394.0900,10900
1466171998,395.8600,395.9500,393.1101,393.1101,16300
1466172252,396.0900,396.4850,394.7648,395.8450,28800
1466172598,396.9800,396.9800,395.9200,396.2800,18200
1466172870,396.6930,397.7900,396.4700,396.8300,22700
1466173151,396.9500,397.4700,396.3200,396.6400,17100
1466173451,396.5500,397.0200,396.3000,396.8917,7300
1466173742,396.7100,397.5200,396.2700,396.2700,23500
1466174064,396.3000,396.5000,395.0800,396.4400,20100
1466174384,396.3700,396.9900,395.5400,396.1100,24500
1466174660,395.5100,396.5600,395.3100,396.4200,10100
1466174975,395.9100,396.1999,395.4800,395.4800,5300
1466175273,396.5000,396.6500,395.7216,395.9350,8600
1466175547,396.0600,396.5000,395.4900,396.4750,7300
1466175896,396.1600,396.5580,395.7600,396.0750,11000
1466176145,396.3800,396.8200,395.8401,396.1702,11200
1466176442,397.1999,397.2349,396.4389,396.4389,7100
1466176743,397.5100,397.6800,396.6572,397.0150,24300
1466177063,397.7400,397.7700,397.1101,397.5950,10400
1466177362,398.2900,398.7400,397.9500,397.9600,16300
1466177655,398.4300,398.5700,397.8000,398.1400,13200
1466177946,397.7600,398.3500,397.7600,398.3450,7800
1466178240,398.6600,398.6785,397.7800,397.7800,8000
1466178594,398.6928,398.6928,398.1350,398.6100,12300
1466178855,398.5000,398.8800,398.3800,398.5600,10200
1466179166,398.8300,398.8300,398.1700,398.4200,10300
1466179498,399.6093,399.8100,398.7500,398.9000,19700
1466179748,399.9700,400.0000,399.3950,399.4832,15100
1466180046,399.7450,400.4100,399.3200,399.9800,14100
1466180351,399.0400,399.6399,398.6900,399.5500,8000
1466180671,398.2400,399.3100,398.0408,399.1500,6400
1466180943,397.7100,398.2200,397.5500,398.2200,5500
1466181269,398.3150,398.6600,397.6707,397.8600,7200
1466181540,398.3500,398.5800,398.1900,398.2700,9700
1466181891,398.2300,398.6500,398.2300,398.4300,3100
1466182176,397.3531,398.3777,397.3462,398.3777,3100
1466182403,397.5400,397.7850,397.4200,397.4200,3000
1466182755,397.2800,397.8700,397.2800,397.6900,4000
1466183051,396.8900,397.5750,396.6300,397.5621,6700
1466183372,397.4350,397.6100,396.8900,397.1200,7200
1466183640,397.4600,397.7700,396.8700,397.3800,12400
1466183940,397.0300,397.4200,396.8000,397.4200,5100
1466184280,396.8200,397.0300,396.7600,397.0300,2300
1466184596,396.4500,397.4400,396.4500,396.8200,7600
1466184861,397.0200,397.3500,396.5000,396.6000,20900
1466185149,396.4900,397.0500,396.1311,396.9615,6200
1466185455,395.9500,396.3924,395.8700,396.3648,6600
1466185767,396.4600,396.6650,395.9500,395.9500,4000
1466186099,395.9200,396.5650,395.9200,396.5650,7600
1466186395,396.0000,396.3800,395.8300,395.8800,10000
1466186678,395.9150,396.3650,395.8700,395.9200,4100
1466186945,395.2300,395.8100,395.0158,395.8100,8200
1466187299,395.4600,395.8625,395.2001,395.2300,8400
1466187503,396.1100,396.2950,395.5400,395.5400,10200
1466187894,396.2909,396.4000,395.4800,395.9000,8700
1466188141,395.7800,396.2200,395.5700,396.1750,6000
1466188499,395.6800,396.0200,395.4300,396.0200,7800
1466188753,395.5600,396.1000,395.5200,395.7899,10900
1466189088,395.9000,396.2700,395.5000,395.9200,14800
1466189392,395.5300,396.1300,395.5100,395.9200,5100
1466189644,396.0400,396.1300,395.5900,395.6000,12800
1466189998,395.5600,396.0600,395.5600,395.7700,8400
1466190258,395.5500,395.8100,395.4000,395.8100,12700
1466190559,395.4100,396.1000,395.4100,395.5001,10100
1466190895,395.9900,396.0200,395.4900,395.4900,9200
1466191146,396.0500,396.1900,395.5500,395.7500,13500
1466191471,395.8100,396.1400,395.6000,395.8700,13300
1466191744,395.7000,396.4300,395.7000,395.9450,14000
1466192098,395.7800,396.1830,395.6000,395.8500,22800
1466192346,395.8500,396.2400,395.7600,395.7800,26100
1466192644,396.6300,396.8300,395.8000,395.9800,13400
1466192997,397.2300,397.3400,396.3500,396.3500,32100
1466193240,397.2400,397.4000,397.0100,397.1400,53300
1466193598,397.3400,397.6300,397.1600,397.2238,95800
1466193600,397.2700,397.2700,397.2700,397.2700,136800
1466429643,398.6100,401.9600,398.6100,399.3800,0
1466429943,399.4700,400.4800,398.6100,399.9699,35900
1466430281,400.9800,401.4400,399.5170,399.7900,14200
1466430598,400.7050,401.4900,400.2000,400.7900,11100
1466430840,400.0300,400.6703,398.9500,400.3700,12000
1466431141,399.7834,400.2900,399.1000,400.0100,16500
1466431464,400.6200,400.7900,399.6000,399.6000,22000
1466431756,400.4000,401.4570,400.2600,400.9999,21000
1466432089,400.9400,401.3600,399.8900,400.6300,17600
1466432350,400.3300,400.7000,400.1523,400.6000,5500
1466432645,400.6200,400.9800,400.5500,400.6200,7200
1466432942,400.1093,400.3983,399.9600,400.3800,21500
1466433252,399.4200,400.5300,399.4200,399.8700,20600
1466433581,398.6100,399.6700,398.6100,399.6700,7600
1466433841,399.1100,399.8500,398.6600,398.6600,18500
1466434165,399.7408,399.9900,399.0200,399.1195,21700
1466434466,399.7705,400.0999,399.7400,399.8600,5000
1466434740,399.8800,399.9400,399.0600,399.9200,14300
1466435062,399.8800,400.0000,399.1200,399.6700,24800
1466435370,400.6999,400.6999,399.6756,399.6756,24000
1466435651,400.2800,400.6800,400.1800,400.5200,5600
1466435976,400.2000,400.3800,399.8900,399.9600,14800
1466436192,399.9500,400.0601,399.7600,400.0601,3200
1466436597,399.3900,399.9500,399.2600,399.8000,16000
1466436891,398.9380,400.0000,398.8001,399.4800,12000
1466437188,399.3300,399.5000,398.8200,398.8300,15300
1466437475,399.3400,399.4900,399.0700,399.4900,3100
1466437747,399.2912,399.9700,399.2912,399.3400,9800
1466437998,399.8600,399.8600,399.3301,399.4100,3000
1466438289,400.0400,400.2099,399.7800,399.7800,2400
1466438653,399.6650,400.1299,399.5001,399.9800,6600
1466438946,400.5400,400.6600,399.5450,399.7100,20300
1466439180,400.4000,400.7200,400.2200,400.7000,18300
1466439585,400.1900,400.5500,400.1500,400.4150,19000
1466439866,399.8200,400.2300,399.7100,400.1300,13700
1466440179,399.9500,400.1600,399.6000,400.0800,4600
1466440397,400.0300,400.4500,399.8000,400.1900,6700
1466440741,399.8300,400.2300,399.7600,399.8650,10900
1466441040,399.7200,400.0399,399.5900,399.5900,6600
1466441305,399.8800,400.0000,399.5800,399.6300,2600
1466441649,400.2300,400.2300,399.8700,399.8700,3400
1466441971,400.1600,400.1700,399.8475,400.1000,7200
1466442245,400.7100,400.8900,399.8800,399.9900,11700
1466442575,400.5300,400.6500,400.3044,400.6500,800
1466442863,399.7300,400.6299,399.7300,400.3600,17500
1466443158,400.2900,400.2900,399.5201,399.7850,4400
1466443448,400.1000,400.2700,399.6900,400.2700,4300
1466443755,399.5800,400.1150,399.3700,400.1150,7300
1466444021,399.8200,400.0000,399.3800,399.5100,4300
1466444362,399.8000,399.8250,399.5086,399.6800,5400
1466444672,400.1200,400.2500,399.6350,399.7300,2900
1466444951,400.3100,400.3700,400.0500,400.2800,4700
1466445254,400.3420,400.4900,400.1800,400.3400,4100
1466445582,400.3500,400.7100,400.0100,400.1350,4900
1466445845,400.6600,400.6600,400.1360,400.2200,5500
1466446172,400.3800,400.4700,400.1400,400.2200,6800
1466446484,400.1300,400.6500,400.1300,400.4000,8800
1466446762,400.2500,400.4300,400.0300,400.0300,4000
1466447058,399.9000,400.4000,399.7400,400.3650,9100
1466447399,399.5427,399.9100,399.5050,399.8800,3200
1466447677,399.5600,399.7100,399.3800,399.6700,4500
1466447952,399.2700,399.8300,399.2700,399.6700,7500
1466448254,399.6500,399.6500,399.0900,399.3150,9100
1466448547,400.2500,400.3900,399.6600,399.8600,9500
1466448844,400.2500,400.5000,399.7800,400.2150,6400
1466449148,400.3100,400.3500,399.9200,400.2000,4100
1466449441,400.0400,400.4700,399.8400,400.3700,5100
1466449746,399.2600,400.2500,399.2600,400.0400,10100
1466450041,399.1800,399.6050,399.0400,399.5000,6400
1466450344,399.3100,399.4600,398.9000,399.2300,12600
1466450648,398.8000,399.3500,398.7600,399.0432,11700
1466450944,398.0800,398.7000,398.0800,398.6100,8200
1466451293,398.0000,398.3800,397.6700,398.1300,13500
1466451595,397.8200,398.1800,397.7800,398.0100,8000
1466451846,397.9200,398.4100,397.6000,397.8100,12600
1466452145,397.1700,398.0300,397.1600,398.0100,18200
1466452441,396.7600,397.3140,396.7000,397.3140,21500
1466452798,396.9900,397.5000,396.6900,396.6900,54000
1466452800,396.7700,396.7700,396.7700,396.7700,300
1466516099,396.0101,399.0000,395.0200,399.0000,0
1466516344,396.6000,397.8250,395.4400,396.5000,11100
1466516696,398.0100,398.7900,397.0550,397.6100,15600
1466516999,398.1400,398.4000,397.2400,398.1290,20500
1466517296,397.2895,398.2500,396.6150,397.9960,8200
1466517556,396.1400,397.5100,396.1400,397.5000,23800
1466517840,395.8700,396.0300,394.6100,396.0300,15800
1466518147,395.3683,395.6700,395.1100,395.6700,11000
1466518455,394.6500,395.6600,394.6500,395.0950,8500
1466518752,394.7600,395.5800,394.5600,394.8900,12300
1466519040,394.4366,394.8800,394.1600,394.8800,13400
1466519373,395.4105,395.5499,394.7000,394.7300,10400
1466519680,394.5800,395.5500,394.4000,395.4261,7300
1466519943,393.7800,394.6950,393.6900,394.2511,12000
1466520246,394.3500,394.4000,393.8350,393.9800,7100
1466520548,394.2400,394.6200,394.0000,394.3900,15300
1466520875,394.0600,394.2600,393.4000,394.0000,17400
1466521141,393.8000,394.1225,393.5700,394.0550,9500
1466521496,393.5500,393.9300,393.4541,393.6600,11900
1466521742,393.0688,394.0200,392.8300,393.5700,18200
1466522046,392.5200,393.0450,392.1500,392.9300,11700
1466522348,392.2300,392.7000,392.0700,392.7000,13200
1466522697,390.9750,392.4299,390.7631,392.2750,16600
1466522999,390.6900,391.0900,390.6900,391.0000,8500
1466523242,390.4800,391.6899,390.2000,390.8300,13700
1466523585,389.3700,390.6100,389.2850,390.3350,24900
1466523842,388.9050,389.7600,388.7612,389.6084,11800
1466524146,388.7200,388.9500,388.0400,388.5901,25000
1466524445,388.1000,388.6100,387.9000,388.6100,16300
1466524756,388.4700,388.4900,387.8900,388.0000,15900
1466525053,389.2400,389.4400,388.4700,388.5000,24300
1466525341,389.0900,389.6599,388.6000,389.0900,9000
1466525642,389.7000,390.3600,389.2000,389.3850,14900
1466525989,390.1400,390.3269,389.5400,390.2168,12700
1466526284,390.2300,390.6400,389.5700,389.5700,8800
1466526542,390.0490,390.4499,389.7760,390.2100,6100
1466526849,389.7800,390.3400,389.7800,390.2500,3800
1466527141,390.0000,390.1500,389.7000,390.1100,6400
1466527458,390.4375,390.5400,389.9600,390.0000,5900
1466527767,389.7600,390.5899,389.6200,390.3100,7400
1466528040,389.2800,389.7250,388.9100,389.7250,11600
1466528378,389.3700,389.4700,389.0600,389.0800,2700
1466528696,389.0700,389.5300,389.0400,389.3000,5900
1466528962,389.8000,390.0250,389.2100,389.2600,9100
1466529241,389.9235,390.0699,389.5000,389.7900,7800
1466529548,389.5100,389.8015,389.5000,389.8015,3200
1466529840,389.4800,389.7000,389.2800,389.5100,6000
1466530145,389.2200,390.2500,389.1600,389.2800,21300
1466530461,389.7800,390.0500,389.2600,389.3050,7300
1466530756,389.7800,389.9900,389.7000,389.9500,4200
1466530999,390.2300,390.2850,389.5700,389.6000,5000
1466531302,390.3200,390.3700,390.0100,390.2400,5900
1466531699,390.5710,390.5710,390.3200,390.5100,5700
1466531952,391.2000,391.2000,390.2100,390.5900,19100
1466532241,391.6200,391.6200,390.9970,391.1500,7700
1466532541,390.9700,391.4900,390.5360,391.4900,32900
1466532853,391.2700,391.4800,391.0400,391.0400,2200
1466533176,391.2500,391.4900,391.0800,391.4600,4800
1466533446,391.4278,391.5400,391.0000,391.3000,11200
1466533799,391.4900,391.7124,391.3500,391.5400,5800
1466534060,391.9201,391.9201,391.5565,391.5565,6200
1466534397,392.0750,392.5350,391.7900,391.9000,31400
1466534645,391.8900,392.1400,391.8505,392.0750,6900
1466534942,391.7400,391.9000,391.1800,391.8900,11500
1466535271,391.2700,391.5400,391.1100,391.5400,4500
1466535586,391.0400,391.4000,390.9800,391.1050,7100
1466535869,391.3100,391.3200,391.0400,391.1610,4400
1466536176,391.1400,391.2000,390.7450,391.1900,7100
1466536456,391.6000,391.6300,391.0200,391.0200,4800
1466536749,391.7550,391.8900,391.3600,391.4700,6800
1466537041,391.9800,392.4500,391.8900,391.8900,17400
1466537355,392.7899,392.7899,391.6600,391.7200,6600
1466537668,392.3100,392.6800,392.1200,392.5150,11600
1466537998,392.6800,392.7200,392.1000,392.4400,9500
1466538250,392.5750,392.7599,392.1800,392.6700,15100
1466538595,392.5150,392.9300,392.3850,392.3850,34000
1466538840,391.6300,392.6400,391.5450,392.6000,35000
1466539197,391.9400,391.9400,391.2990,391.5700,77700
1466539200,391.9600,391.9600,391.9600,391.9600,29200
1466602442,391.0900,391.9999,390.6600,391.0000,0
1466602741,389.3800,391.5900,388.1800,391.2300,12900
1466603040,389.9300,390.1500,388.7800,389.2299,11900
1466603351,388.8900,389.7900,388.3675,389.7000,11200
1466603663,389.3399,389.3399,388.5101,389.0950,10800
1466603968,390.1663,390.5572,388.8400,389.0000,14700
1466604248,388.7950,390.1300,388.5900,390.1300,12000
1466604586,389.7500,389.7500,388.8340,389.0050,8100
1466604857,389.5149,389.8100,389.3300,389.8000,4800
1466605151,389.5450,390.2800,389.3300,389.8500,17300
1466605459,389.7500,390.1900,389.4250,389.5000,6200
1466605741,389.9700,389.9700,389.7400,389.9600,1800
1466606048,389.7500,389.9800,389.1600,389.7541,16200
1466606350,389.4989,389.8900,389.4100,389.8900,13500
1466606689,390.5400,390.8400,389.3400,389.3900,20200
1466606956,390.5700,391.0400,389.7500,390.3300,8200
1466607249,391.7000,391.9300,390.5375,390.5375,13700
1466607576,392.4300,392.6400,391.5300,391.7000,16400
1466607856,393.2571,394.0000,392.4250,392.4579,25000
1466608140,392.5800,393.4400,391.8800,393.3050,9200
1466608449,392.1400,393.0000,391.9800,392.7600,8500
1466608761,392.7900,392.9900,391.7401,392.0100,6900
1466609088,392.3500,392.8500,392.1400,392.4400,8100
1466609340,392.8000,393.0600,392.1700,392.6890,9800
1466609643,393.5550,394.0700,392.5900,393.3700,25400
1466609945,394.1200,394.1500,393.1100,393.3500,10500
1466610243,394.7900,395.7750,394.1200,394.1200,20500
1466610598,395.3700,395.8799,394.7650,394.7650,12000
1466610841,395.6900,395.7200,395.1600,395.5000,10500
1466611168,396.1600,396.4900,395.5800,395.7000,10100
1466611497,396.5100,396.8800,395.9500,396.0800,12200
1466611740,395.6000,396.7500,395.2100,396.1800,10400
1466611981,395.6450,396.3500,395.6400,395.6900,7200
1466612398,394.5650,395.7774,394.3000,395.7774,22800
1466612640,394.4500,395.0000,394.0000,394.5200,24000
1466612997,395.0500,395.3500,394.3550,394.5800,12500
1466613298,394.6500,395.5700,394.4300,395.0000,14900
1466613568,394.1200,394.9310,393.9475,394.6400,7800
1466613873,394.1500,394.9100,393.8300,394.0200,6500
1466614144,394.6800,394.6800,393.3401,393.9000,8200
1466614448,394.9155,395.6846,394.5350,394.5350,4600
1466614701,395.1300,395.1300,394.1200,394.7000,6600
1466615059,394.9900,395.1500,394.5700,394.8600,2000
1466615376,394.4000,394.8050,394.0401,394.8050,4700
1466615644,394.0700,394.8900,393.5900,394.0600,5700
1466615973,394.1900,394.1900,393.4500,394.0500,7100
1466616282,394.5100,394.7800,394.1600,394.1800,5700
1466616492,393.9300,394.7400,393.6300,394.3500,7800
1466616844,394.3997,394.7899,393.8500,394.0700,13200
1466617173,394.4500,394.8800,394.2000,394.5300,11400
1466617404,394.9000,394.9000,394.3700,394.3800,3000
1466617771,395.5850,395.8843,394.5957,394.5957,5300
1466618067,395.5200,395.8700,395.4600,395.4700,4200
1466618352,395.4000,395.7700,395.2200,395.5100,8700
1466618696,395.9900,396.3300,395.1900,395.3300,7300
1466618906,396.0535,396.3900,395.9401,396.1000,4600
1466619259,395.8500,396.1300,395.4700,396.1300,6300
1466619575,395.4450,396.1700,395.4450,396.1150,5000
1466619871,395.8750,395.8750,395.0400,395.1400,4500
1466620140,396.2100,396.3900,395.4660,395.8200,8200
1466620455,395.2500,396.1400,395.2500,396.1400,3100
1466620768,394.8300,395.6500,394.8300,395.4003,7500
1466621042,395.0642,395.2950,394.7800,394.8200,7200
1466621345,394.7800,395.2900,394.7800,395.1700,4900
1466621640,394.7100,395.0400,394.3700,394.9200,7400
1466621961,394.6300,395.2199,394.6000,394.8200,5700
1466622185,394.9100,395.0000,394.6150,394.6150,2900
1466622552,394.0011,395.0600,393.9900,394.8800,5400
1466622851,394.2700,394.8100,393.9000,393.9300,14300
1466623157,394.0300,394.3560,394.0300,394.3400,2800
1466623397,394.0700,394.1299,393.6200,394.0400,10300
1466623768,394.0700,394.2200,393.7300,393.9100,9300
1466624042,393.5672,394.3600,393.5672,394.1200,6900
1466624342,393.4400,393.6100,393.1200,393.5100,9600
1466624640,393.8850,394.1300,393.1700,393.3150,13700
1466624943,393.7400,394.0300,393.3600,393.6900,13100
1466625245,393.2800,393.6600,393.2400,393.6600,14200
1466625544,393.0000,393.4000,392.7600,393.2700,31900
1466625600,393.0100,393.0100,393.0100,393.0100,1600
1466688843,394.8400,396.6300,393.2500,393.2500,0
1466689196,395.5600,396.6400,394.0000,394.5200,21600
1466689441,398.9800,399.5300,395.8900,395.9800,35100
1466689740,398.8800,399.9500,398.0660,398.9800,26500
1466690041,398.0500,399.3200,397.1600,398.6500,21600
1466690340,396.4900,398.9999,396.3400,398.4100,7900
1466690693,397.6800,397.9000,396.4800,396.4800,13500
1466690978,397.7200,398.2400,397.1100,397.4200,7300
1466691243,398.3150,398.3900,397.1050,397.6500,9000
1466691599,399.4900,399.5000,398.2300,398.3400,29600
1466691842,400.8300,400.8600,398.6950,399.5000,33500
1466692149,400.6200,400.9000,399.8500,400.6400,10100
1466692440,400.3800,400.9100,400.0100,400.3200,20100
1466692795,401.4981,401.7500,400.1950,400.2100,23200
1466693061,402.2900,402.4900,401.2300,401.3200,21300
1466693355,401.7200,402.2200,401.4100,401.9500,8700
1466693641,400.7300,401.8500,400.4400,401.7200,16800
1466693940,401.7000,401.7000,400.3452,400.5500,17300
1466694246,402.4800,402.6000,401.5200,401.6400,20800
1466694544,402.4250,402.8000,402.2500,402.5577,16600
1466694891,402.0000,402.4850,401.5800,402.2900,13200
1466695168,401.9000,402.3900,401.2458,402.3900,12800
1466695449,401.2500,401.7300,400.8601,401.6300,9300
1466695765,401.7000,401.7689,401.1000,401.1500,8000
1466696040,402.4300,402.4900,401.3600,401.7000,8400
1466696345,401.2650,402.3150,401.1700,402.1900,10600
1466696648,401.7800,401.7800,401.1600,401.1600,9600
1466696981,401.3900,401.4500,400.5300,401.4500,5600
1466697254,401.4900,401.9100,401.0600,401.0950,5200
1466697577,401.5700,401.7500,401.1000,401.7500,5800
1466697852,401.3500,402.0000,401.0700,401.2800,7200
1466698148,402.0000,402.0000,400.8400,401.1899,11100
1466698442,401.8200,401.9816,401.5850,401.9816,1700
1466698755,402.4100,402.4100,401.4500,401.8900,17300
1466699049,402.8000,402.8100,401.7800,402.3500,17700
1466699346,403.3700,403.4500,402.3350,402.6500,22200
1466699642,403.2600,403.5450,402.9500,403.4200,10600
1466699942,403.4701,404.0500,403.1663,403.1663,15800
1466700247,403.4400,403.9500,403.2800,403.9400,4900
1466700541,403.8000,403.9500,403.1300,403.7900,11100
1466700887,404.1800,404.2344,403.7101,403.7900,6700
1466701149,404.2500,404.4100,403.7224,403.9559,10200
1466701440,405.1500,405.5000,404.0400,404.0400,23100
1466701740,404.9700,405.4800,404.6800,405.0500,23200
1466702042,405.4960,405.6400,404.8170,405.0200,11100
1466702399,406.1200,406.1800,405.3500,405.4800,14200
1466702644,405.8400,406.2800,405.5900,405.9400,12200
1466702960,405.3900,406.1300,405.1525,405.8500,14300
1466703269,405.7500,405.9361,405.3600,405.7903,5700
1466703541,406.3100,406.3800,405.3100,405.5100,16100
1466703847,407.2000,407.3500,406.2001,406.4900,24100
1466704152,407.3301,407.7700,406.8100,407.1700,14900
1466704444,407.3576,408.0000,407.2500,407.4501,15000
1466704742,406.3400,407.5350,406.2600,407.4050,15100
1466705041,406.5293,406.7500,406.2100,406.4300,14800
1466705386,407.0000,407.3300,406.1000,406.2965,16500
1466705651,407.7000,407.7400,406.8725,406.8725,12400
1466705958,407.4100,408.1100,407.2200,407.6900,22500
1466706246,407.6400,408.2000,407.2100,407.2900,26300
1466706551,408.0900,408.1500,407.5400,407.6500,9100
1466706840,408.4400,408.4400,407.6900,408.0695,22000
1466707143,408.5500,408.8700,408.1200,408.4000,16400
1466707441,408.2548,408.7100,408.0700,408.4750,16000
1466707747,409.4654,409.5258,408.4900,408.5900,27100
1466708040,411.1750,411.5000,409.1500,409.3700,71200
1466708343,411.9900,413.0200,411.0200,411.1100,64500
1466708694,411.8800,412.3200,411.6500,411.9266,20800
1466708953,412.4000,412.5700,411.5200,411.8300,21500
1466709259,412.4950,413.0000,411.9000,412.4000,29500
1466709552,410.6900,412.2700,410.6900,412.2700,27000
1466709842,410.1800,411.1600,409.9000,410.6750,33000
1466710142,408.4000,410.1600,408.3200,410.0800,29900
1466710450,407.6200,408.3700,407.0600,408.3215,47700
1466710740,407.4450,408.5600,407.2400,407.6300,31800
1466711046,407.5200,407.6900,407.2400,407.5700,20800
1466711344,408.0600,408.4370,407.4500,407.8800,36200
1466711699,408.3850,408.7950,408.1250,408.1250,32300
1466711940,408.8700,408.8700,408.1000,408.4700,63200
1466712000,408.6100,408.6150,408.6100,408.6150,1500
1466775294,397.8800,397.8800,397.2500,397.5400,0
1466775599,398.8000,399.7100,396.7500,397.4100,89600
1466775843,398.5100,399.8000,398.0000,398.3100,90000
1466776151,401.0000,402.4400,398.2700,398.4000,47100
1466776456,402.0699,402.6300,400.1700,401.1090,48500
1466776744,404.6100,404.9823,401.1400,401.1400,21500
1466777041,404.0200,404.9900,403.3500,403.3600,31000
1466777348,403.8750,404.5425,402.6100,404.4970,23700
1466777644,405.7334,406.4000,403.4900,403.7500,18600
1466777943,406.5000,406.9900,405.1900,405.8000,22900
1466778249,406.7150,407.1210,405.8100,406.4599,28300
1466778549,407.2000,407.5000,405.9100,406.1700,28200
1466778849,408.0301,409.2611,406.8000,406.8800,21300
1466779140,409.4100,409.7600,408.0800,408.7340,23600
1466779448,410.5200,411.5500,409.3300,409.6500,26100
1466779742,412.4100,412.4300,410.6300,411.0500,33000
1466780044,412.8500,413.5700,412.0000,412.0000,35800
1466780340,410.1300,413.3500,409.8900,413.0100,31500
1466780655,407.5700,410.1400,407.5250,409.9800,28000
1466780999,409.7000,409.7000,407.7700,407.8175,25200
1466781258,408.1900,409.9900,407.7500,409.7599,19000
1466781569,405.7000,408.0100,405.6300,407.8100,24800
1466781880,405.8500,405.8500,404.7200,405.7500,25600
1466782191,407.5200,407.5200,405.3430,405.6797,7800
1466782496,406.4475,407.2204,405.5000,406.8250,16900
1466782633,405.4125,406.1800,405.4125,406.1500,3700
