1465565640,24.0900,24.2300,24.0800,24.1600,232500
1465565999,23.9700,24.1050,23.9600,24.0900,179800
1465566241,23.9600,23.9650,23.9200,23.9600,163700
1465566599,23.9700,24.0350,23.9337,23.9500,124500
1465566864,24.0000,24.0000,23.9500,23.9750,58300
1465567141,23.9950,24.0400,23.9900,24.0000,106300
1465567497,23.9800,24.0200,23.9700,23.9950,117900
1465567799,23.9900,24.0000,23.9700,23.9800,72500
1465568040,23.9850,24.0000,23.9700,23.9900,100300
1465568398,23.9850,24.0000,23.9800,23.9850,50700
1465568699,24.0450,24.0500,23.9700,23.9850,243800
1465568967,24.0250,24.0600,24.0200,24.0350,86500
1465569298,24.0400,24.0600,24.0100,24.0200,54300
1465569540,24.0200,24.0600,24.0200,24.0400,57400
1465569889,24.0200,24.0300,24.0000,24.0200,44400
1465570174,23.9950,24.0200,23.9900,24.0200,43300
1465570456,23.9900,24.0100,23.9750,24.0000,48900
1465570788,23.9700,23.9875,23.9600,23.9800,44500
1465571041,23.9800,23.9800,23.9500,23.9600,46500
1465571381,24.0100,24.0100,23.9750,23.9750,45300
1465571649,24.0150,24.0200,24.0050,24.0100,16400
1465571997,24.0250,24.0400,24.0100,24.0200,67900
1465572298,24.0150,24.0250,24.0000,24.0250,58000
1465572590,23.9900,24.0200,23.9900,24.0150,70800
1465572840,23.9800,24.0200,23.9700,24.0000,48900
1465573141,23.9800,23.9900,23.9700,23.9800,39600
1465573496,23.9750,23.9900,23.9600,23.9800,88400
1465573799,23.9850,24.0000,23.9700,23.9750,41000
1465574094,23.9850,23.9900,23.9600,23.9850,46200
1465574393,23.9850,23.9900,23.9800,23.9850,13300
1465574648,23.9700,23.9900,23.9600,23.9800,44700
1465574994,23.9825,24.0000,23.9500,23.9685,150100
1465575298,23.9850,24.0000,23.9800,23.9850,22300
1465575596,23.9830,24.0000,23.9800,23.9850,43800
1465575847,23.9850,23.9900,23.9800,23.9850,30400
1465576196,23.9900,23.9900,23.9700,23.9850,59500
1465576486,23.9650,23.9900,23.9650,23.9900,33300
1465576786,23.9750,23.9800,23.9600,23.9650,21200
1465577045,23.9850,23.9900,23.9710,23.9750,16400
1465577342,23.9900,24.0000,23.9600,23.9850,70700
1465577669,23.9950,24.0050,23.9900,23.9950,56200
1465577947,23.9950,24.0000,23.9850,24.0000,47200
1465578299,24.0250,24.0300,23.9900,23.9950,78200
1465578599,24.0150,24.0300,24.0100,24.0300,54800
1465578844,24.0100,24.0300,24.0000,24.0150,36900
1465579150,24.0050,24.0100,24.0000,24.0100,8500
1465579490,24.0050,24.0100,23.9950,24.0000,33600
1465579740,23.9950,24.0100,23.9902,24.0050,24300
1465580096,23.9750,24.0000,23.9600,23.9950,76900
1465580398,23.9624,23.9850,23.9600,23.9750,35000
1465580696,23.9500,23.9700,23.9500,23.9600,28400
1465580940,24.0000,24.0100,23.9400,23.9500,492500
1465581243,23.9900,24.0100,23.9800,24.0000,118500
1465581543,24.0350,24.0400,23.9850,23.9900,150500
1465581841,24.0000,24.0400,23.9950,24.0400,45300
1465582199,23.9650,24.0000,23.9500,24.0000,109800
1465582440,23.9750,24.0000,23.9500,23.9650,168400
1465582742,24.0100,24.0100,23.9800,23.9800,65400
1465583042,24.0200,24.0200,24.0000,24.0100,42000
1465583399,24.0100,24.0200,24.0000,24.0150,48300
1465583699,23.9800,24.0100,23.9800,24.0050,71900
1465583997,24.0100,24.0100,23.9700,23.9900,136200
1465584299,24.0200,24.0200,23.9800,24.0100,85400
1465584540,24.0100,24.0200,23.9900,24.0200,84300
1465584841,24.0100,24.0100,24.0000,24.0100,47200
1465585140,24.0300,24.0300,24.0000,24.0100,78700
1465585499,24.0350,24.0400,24.0200,24.0300,58700
1465585797,24.0350,24.0450,24.0200,24.0350,106200
1465586040,24.0200,24.0400,24.0100,24.0400,68100
1465586340,24.0500,24.0600,24.0100,24.0200,104000
1465586640,24.0400,24.0500,24.0300,24.0500,58100
1465586999,24.0600,24.0700,24.0302,24.0400,82700
1465587298,24.0600,24.0700,24.0500,24.0550,78100
1465587598,24.0400,24.0600,24.0200,24.0550,173700
1465587898,24.0100,24.0400,24.0100,24.0400,95000
1465588140,24.0800,24.0800,24.0100,24.0100,211900
1465588499,24.0650,24.0800,24.0400,24.0800,318800
1465588740,24.0650,24.0700,24.0400,24.0600,1280200
1465588800,24.0700,24.0700,24.0700,24.0700,0
1465824898,24.0250,24.1100,24.0000,24.0200,0
1465825141,23.9700,24.0400,23.9600,24.0200,107400
1465825495,23.9600,24.0100,23.9500,23.9800,148400
1465825741,24.0600,24.0600,23.9500,23.9550,151100
1465826098,24.0700,24.0900,24.0500,24.0600,105500
1465826342,24.0050,24.0700,24.0000,24.0700,77900
1465826697,23.9850,24.0300,23.9800,24.0050,107700
1465826940,23.9750,24.0000,23.9500,23.9900,111800
1465827294,23.9800,24.0100,23.9700,23.9750,126500
1465827547,23.9850,24.0100,23.9727,23.9800,103300
1465827899,24.0100,24.0300,23.9800,23.9900,68600
1465828144,24.0050,24.0200,23.9950,24.0100,64800
1465828441,24.0250,24.0300,24.0050,24.0050,65400
1465828742,24.0000,24.0500,23.9900,24.0250,57400
1465829098,23.9850,24.0050,23.9700,23.9900,94200
1465829398,23.9646,24.0000,23.9600,23.9900,75700
1465829641,23.9850,23.9900,23.9600,23.9600,80200
1465829998,23.9900,24.0000,23.9700,23.9900,81800
1465830297,23.9850,23.9900,23.9750,23.9900,69300
1465830544,24.0000,24.0000,23.9800,23.9850,76500
1465830884,23.9950,24.0100,23.9900,24.0000,78000
1465831143,23.9950,24.0100,23.9900,23.9950,109100
1465831494,23.9950,24.0000,23.9900,23.9950,27900
1465831741,23.9950,24.0000,23.9800,23.9950,74000
1465832047,23.9750,24.0000,23.9700,23.9950,43500
1465832398,23.9900,24.0000,23.9650,23.9750,188200
1465832644,23.9750,23.9900,23.9700,23.9900,48800
1465832995,23.9750,23.9900,23.9600,23.9750,111600
1465833251,23.9150,23.9750,23.9100,23.9700,115300
1465833541,23.9000,23.9200,23.9000,23.9150,98200
1465833874,23.9050,23.9200,23.9000,23.9050,89600
1465834196,23.9150,23.9200,23.9000,23.9050,57600
1465834492,23.9550,23.9600,23.9100,23.9150,227700
1465834798,23.9900,23.9900,23.9500,23.9600,108300
1465835095,23.9850,24.0100,23.9600,23.9850,232300
1465835389,23.9700,23.9800,23.9600,23.9800,62900
1465835695,23.9600,23.9700,23.9400,23.9650,39600
1465835994,23.9650,23.9800,23.9550,23.9600,80800
1465836246,23.9700,23.9900,23.9550,23.9650,87500
1465836594,23.9500,23.9750,23.9500,23.9700,37200
1465836841,23.9650,23.9700,23.9550,23.9550,57200
1465837146,23.9850,24.0000,23.9600,23.9700,56700
1465837499,23.9800,24.0000,23.9600,23.9850,119300
1465837799,23.9900,23.9900,23.9800,23.9850,32700
1465838040,23.9850,23.9900,23.9700,23.9900,63000
1465838399,23.9650,23.9900,23.9600,23.9850,67200
1465838698,23.9950,23.9950,23.9600,23.9650,71400
1465838940,23.9950,24.0000,23.9900,23.9900,48200
1465839298,24.0000,24.0000,23.9900,24.0000,21600
1465839586,23.9550,24.0000,23.9500,24.0000,130000
1465839840,23.9600,23.9600,23.9300,23.9570,71800
1465840198,23.9450,23.9600,23.9400,23.9600,33700
1465840497,23.8900,23.9600,23.8900,23.9400,135400
1465840799,23.8850,23.9000,23.8800,23.8950,68000
1465841097,23.9000,23.9200,23.8800,23.8800,71700
1465841397,23.9050,23.9100,23.9000,23.9050,36200
1465841698,23.9500,23.9500,23.9000,23.9050,165700
1465841998,23.9250,23.9500,23.9200,23.9450,59700
1465842298,23.9400,23.9400,23.9250,23.9250,82200
1465842599,23.9400,23.9400,23.9300,23.9400,75400
1465842895,23.9650,23.9700,23.9300,23.9400,62900
1465843193,23.9600,23.9850,23.9600,23.9650,79700
1465843497,23.9650,23.9700,23.9600,23.9650,45800
1465843799,23.9400,23.9700,23.9400,23.9650,116800
1465844092,23.9200,23.9500,23.9200,23.9400,78500
1465844399,23.9100,23.9300,23.9100,23.9250,82900
1465844643,23.9250,23.9300,23.9100,23.9100,64300
1465844999,23.8995,23.9250,23.8900,23.9250,75700
1465845242,23.8790,23.8900,23.8700,23.8900,121300
1465845545,23.8900,23.9000,23.8800,23.8800,69800
1465845842,23.8800,23.9000,23.8800,23.8900,84800
1465846198,23.8850,23.8900,23.8700,23.8800,89400
1465846499,23.8900,23.8900,23.8800,23.8850,60300
1465846798,23.8750,23.9000,23.8700,23.8900,99500
1465847041,23.8500,23.8800,23.8400,23.8750,138600
1465847399,23.8425,23.8500,23.8400,23.8450,60300
1465847699,23.8600,23.8700,23.8400,23.8500,405500
1465847999,23.8900,23.9000,23.8500,23.8600,836000
1465848000,23.8900,23.8900,23.8900,23.8900,474900
1465911258,23.8400,23.8900,23.7900,23.7900,0
1465911598,23.9118,23.9400,23.8300,23.8400,130800
1465911897,23.9800,24.0100,23.8850,23.9150,150400
1465912140,23.9600,23.9900,23.9600,23.9800,148800
1465912442,23.9500,23.9700,23.9350,23.9650,167900
1465912740,23.9550,23.9700,23.9400,23.9500,162300
1465913095,23.9200,23.9700,23.8900,23.9600,198200
1465913398,23.8250,23.9200,23.8200,23.9200,188500
1465913657,23.7700,23.8300,23.7600,23.8200,117600
1465913956,23.7400,23.7750,23.7400,23.7700,41800
1465914245,23.7100,23.7500,23.7100,23.7450,112100
1465914596,23.7400,23.7650,23.6900,23.7100,173200
1465914891,23.7500,23.7800,23.7400,23.7450,190400
1465915145,23.7550,23.7650,23.7300,23.7500,139200
1465915499,23.7600,23.7800,23.7400,23.7550,128800
1465915744,23.7300,23.7600,23.7200,23.7600,97900
1465916098,23.7050,23.7300,23.7000,23.7300,79900
1465916375,23.6600,23.7100,23.6600,23.7050,84300
1465916694,23.7050,23.7100,23.6700,23.6750,75200
1465916999,23.6900,23.7100,23.6700,23.7050,116000
1465917240,23.6600,23.7000,23.6600,23.6950,110500
1465917598,23.6450,23.6800,23.6300,23.6650,114300
1465917842,23.6700,23.6700,23.6400,23.6500,69400
1465918140,23.6850,23.6900,23.6400,23.6700,148500
1465918499,23.7250,23.7250,23.6800,23.6900,136400
1465918797,23.7100,23.7400,23.7100,23.7300,166400
1465919040,23.7200,23.7400,23.7100,23.7100,168900
1465919395,23.7050,23.7400,23.7000,23.7300,113400
1465919699,23.7100,23.7100,23.6900,23.7000,94600
1465919943,23.7050,23.7200,23.6950,23.7200,101600
1465920297,23.7150,23.7300,23.7000,23.7100,85700
1465920596,23.6950,23.7200,23.6900,23.7200,62100
1465920843,23.7050,23.7100,23.6900,23.7000,47000
1465921199,23.6950,23.7100,23.6900,23.7100,64400
1465921498,23.7250,23.7300,23.6950,23.6950,97800
1465921747,23.7500,23.7500,23.7300,23.7300,49100
1465922090,23.7250,23.7500,23.7200,23.7500,67800
1465922397,23.7200,23.7300,23.7200,23.7250,39500
1465922699,23.7250,23.7300,23.7200,23.7200,51000
1465922993,23.7500,23.7500,23.7200,23.7200,75100
1465923299,23.7200,23.7500,23.7200,23.7450,43400
1465923598,23.7250,23.7300,23.7100,23.7200,49700
1465923897,23.7350,23.7400,23.7200,23.7225,43000
1465924185,23.7200,23.7400,23.7200,23.7350,57900
1465924498,23.6900,23.7250,23.6900,23.7200,104200
1465924791,23.7050,23.7100,23.6900,23.6950,47800
1465925099,23.7050,23.7100,23.7000,23.7100,26600
1465925340,23.6900,23.7100,23.6900,23.7100,49500
1465925691,23.7400,23.7400,23.6900,23.6900,95100
1465925997,23.7100,23.7400,23.7100,23.7350,54200
1465926245,23.7050,23.7150,23.6900,23.7100,53700
1465926546,23.7000,23.7200,23.6900,23.7050,99300
1465926876,23.6800,23.7050,23.6800,23.7000,50800
1465927199,23.6750,23.6900,23.6700,23.6800,59000
1465927440,23.6850,23.6900,23.6700,23.6700,58200
1465927798,23.6900,23.7000,23.6800,23.6850,97100
1465928099,23.6900,23.7200,23.6800,23.6900,129900
1465928395,23.7400,23.7450,23.6900,23.7000,57200
1465928642,23.7400,23.7500,23.7100,23.7450,77500
1465928943,23.7700,23.7700,23.7300,23.7400,61600
1465929240,23.7400,23.7700,23.7300,23.7600,80600
1465929547,23.7300,23.7500,23.7200,23.7450,58600
1465929898,23.7450,23.7600,23.7300,23.7300,278300
1465930143,23.7250,23.7500,23.7100,23.7400,75700
1465930497,23.7150,23.7300,23.7100,23.7300,44100
1465930798,23.7200,23.7200,23.6900,23.7150,92400
1465931040,23.7400,23.7400,23.6900,23.7200,84500
1465931343,23.7450,23.7575,23.7350,23.7400,144300
1465931642,23.7700,23.7700,23.7300,23.7450,112400
1465931994,23.7800,23.8000,23.7600,23.7700,121200
1465932299,23.7950,23.8000,23.7800,23.7834,117700
1465932599,23.8300,23.8300,23.7900,23.7900,171600
1465932840,23.8550,23.8700,23.8100,23.8200,156900
1465933141,23.8250,23.8600,23.8100,23.8600,185900
1465933440,23.8600,23.8800,23.8200,23.8250,232900
1465933740,23.8200,23.8600,23.8100,23.8600,180000
1465934040,23.8500,23.8500,23.8200,23.8200,264000
1465934340,23.8800,23.8900,23.8400,23.8500,1664900
1465934400,23.8800,23.8800,23.8800,23.8800,0
1465997694,23.9600,24.0100,23.7900,23.9900,0
1465997989,23.9650,23.9700,23.8900,23.9600,62100
1465998297,23.9901,24.0100,23.9600,23.9700,163500
1465998595,23.9950,24.0100,23.9700,23.9900,131400
1465998845,23.9900,24.0050,23.9700,24.0000,76700
1465999199,23.9900,23.9900,23.9700,23.9900,46200
1465999497,23.9900,24.0000,23.9700,23.9900,36600
1465999799,23.9900,24.0000,23.9700,23.9900,37700
1466000085,23.9937,24.0000,23.9700,23.9800,69000
1466000399,23.9900,23.9950,23.9800,23.9950,24300
1466000695,23.9700,23.9900,23.9600,23.9900,81800
1466000997,23.9800,23.9900,23.9700,23.9800,25700
1466001240,23.9800,24.0000,23.9700,23.9900,109200
1466001540,23.9850,23.9900,23.9600,23.9900,78600
1466001840,23.9850,23.9900,23.9700,23.9800,41500
1466002196,23.9800,23.9900,23.9700,23.9800,38100
1466002499,23.9950,24.0050,23.9800,23.9850,93400
1466002743,24.0000,24.0200,23.9900,23.9900,97200
1466003097,23.9950,24.0100,23.9900,24.0000,86100
1466003399,24.0000,24.0100,23.9900,23.9950,172800
1466003690,23.9950,24.0100,23.9850,24.0000,107000
1466003950,23.9800,24.0000,23.9800,23.9900,49600
1466004298,23.9900,23.9900,23.9600,23.9850,93100
1466004599,23.9650,23.9900,23.9600,23.9850,197500
1466004893,23.9700,23.9850,23.9600,23.9700,82300
1466005194,23.9750,23.9900,23.9600,23.9650,69400
1466005499,23.9950,24.0050,23.9700,23.9800,88800
1466005786,24.0000,24.0200,23.9900,23.9950,68900
1466006045,24.0300,24.0300,24.0000,24.0000,30300
1466006346,24.0300,24.0500,24.0250,24.0299,36800
1466006641,24.0250,24.0400,24.0200,24.0350,78600
1466006941,24.0250,24.0400,24.0200,24.0300,64900
1466007295,24.0250,24.0300,24.0100,24.0200,65800
1466007547,24.0250,24.0350,24.0200,24.0250,40100
1466007844,24.0350,24.0400,24.0200,24.0250,21900
1466008198,24.0500,24.0650,24.0350,24.0350,55600
1466008498,24.0650,24.0800,24.0400,24.0500,49700
1466008790,24.0200,24.0600,24.0200,24.0600,33600
1466009099,24.0250,24.0350,24.0100,24.0250,92000
1466009342,24.0150,24.0300,24.0100,24.0250,38000
1466009643,24.0100,24.0200,24.0100,24.0100,77100
1466009946,23.9950,24.0200,23.9900,24.0200,32300
1466010298,23.9750,23.9900,23.9700,23.9900,98600
1466010543,23.9750,23.9800,23.9700,23.9750,45900
1466010887,23.9600,23.9800,23.9600,23.9700,54500
1466011199,23.9700,23.9700,23.9600,23.9600,42200
1466011443,23.9250,23.9650,23.9200,23.9650,93000
1466011797,23.9550,23.9600,23.9200,23.9200,82200
1466012080,23.9450,23.9600,23.9400,23.9500,42100
1466012399,23.9350,23.9500,23.9100,23.9400,341900
1466012696,23.9600,23.9700,23.9350,23.9350,86500
1466012941,23.9650,23.9700,23.9600,23.9700,46800
1466013295,23.9650,23.9700,23.9600,23.9650,25900
1466013594,23.9900,24.0100,23.9600,23.9700,74200
1466013899,23.9600,24.0200,23.9350,24.0000,136900
1466014147,23.9200,23.9900,23.9100,23.9700,85500
1466014497,23.9200,23.9450,23.9000,23.9200,64800
1466014798,23.9200,23.9300,23.9050,23.9200,85000
1466015088,23.9000,23.9200,23.8950,23.9150,100600
1466015399,23.8850,23.9100,23.8850,23.9100,46200
1466015699,23.9100,23.9200,23.8700,23.8800,88900
1466015999,23.9050,23.9250,23.9000,23.9100,57900
1466016285,23.9400,23.9450,23.9100,23.9150,113000
1466016595,23.9650,23.9800,23.9350,23.9400,68300
1466016897,23.9500,23.9650,23.9400,23.9600,54800
1466017187,23.9650,23.9650,23.9400,23.9400,103500
1466017499,23.9500,23.9700,23.9400,23.9600,49200
1466017743,23.9450,23.9700,23.9450,23.9528,64900
1466018078,23.9550,23.9650,23.9300,23.9400,179900
1466018341,23.9500,23.9600,23.9300,23.9600,206200
1466018640,23.9750,23.9900,23.9500,23.9550,134300
1466018941,24.0100,24.0154,23.9600,23.9750,188500
1466019288,24.0050,24.0350,23.9900,24.0050,158500
1466019599,24.0000,24.0101,23.9800,24.0000,332700
1466019899,23.9900,24.0100,23.9800,24.0000,265100
1466020140,23.9800,24.0000,23.9700,23.9900,432000
1466020499,23.9425,23.9800,23.9400,23.9700,589600
1466020740,23.9600,23.9800,23.9400,23.9450,499700
1466020800,23.9600,23.9600,23.9600,23.9600,588800
1466084048,23.8000,23.9550,23.7900,23.9500,0
1466084398,23.6700,23.8000,23.6700,23.8000,158000
1466084699,23.7100,23.7400,23.6700,23.6700,193800
1466084997,23.7500,23.7500,23.6900,23.7100,200200
1466085298,23.7200,23.7500,23.7200,23.7450,168400
1466085592,23.6650,23.7250,23.6500,23.7250,168600
1466085899,23.5875,23.6700,23.5800,23.6700,165700
1466086196,23.5650,23.5875,23.5600,23.5800,133400
1466086495,23.5400,23.5699,23.5300,23.5650,126100
1466086799,23.5150,23.5600,23.5100,23.5434,111000
1466087042,23.4850,23.5200,23.4700,23.5100,133500
1466087394,23.4950,23.5300,23.4750,23.4899,112800
1466087698,23.4850,23.4975,23.4700,23.4950,126500
1466087949,23.4850,23.5150,23.4700,23.4850,173600
1466088299,23.4850,23.5200,23.4700,23.4850,174900
1466088597,23.5050,23.5250,23.4808,23.4850,122300
1466088840,23.5100,23.5100,23.4800,23.5050,152900
1466089149,23.5200,23.5350,23.4900,23.5100,130000
1466089498,23.5100,23.5350,23.5000,23.5200,135500
1466089740,23.5050,23.5200,23.5000,23.5100,85300
1466090052,23.5050,23.5150,23.4950,23.5050,66400
1466090386,23.4850,23.5100,23.4700,23.5100,79200
1466090697,23.5050,23.5100,23.4800,23.4850,55400
1466090940,23.5200,23.5500,23.5000,23.5000,99700
1466091296,23.5450,23.5600,23.5200,23.5300,165600
1466091596,23.5500,23.5600,23.5450,23.5500,157400
1466091847,23.5850,23.5900,23.5450,23.5500,196700
1466092199,23.6000,23.6100,23.5700,23.5800,139700
1466092499,23.5900,23.6100,23.5700,23.6000,106900
1466092742,23.5750,23.5950,23.5700,23.5900,126900
1466093099,23.5850,23.6000,23.5650,23.5750,114200
1466093347,23.5840,23.6000,23.5700,23.6000,113000
1466093695,23.5550,23.5900,23.5500,23.5900,109100
1466093999,23.6100,23.6100,23.5400,23.5550,56800
1466094299,23.6350,23.6450,23.5850,23.6100,96300
1466094591,23.6400,23.6750,23.6350,23.6400,69700
1466094847,23.6100,23.6500,23.6000,23.6350,86300
1466095199,23.6550,23.6550,23.5900,23.6100,86900
1466095496,23.6500,23.6550,23.6200,23.6500,81700
1466095798,23.6400,23.6900,23.6400,23.6450,59000
1466096091,23.6550,23.6600,23.6300,23.6450,66000
1466096397,23.6400,23.6700,23.6400,23.6600,51100
1466096644,23.6770,23.7000,23.6450,23.6500,48600
1466096950,23.6750,23.6800,23.6400,23.6700,56000
1466097240,23.6750,23.7100,23.6650,23.6800,76400
1466097584,23.6900,23.6900,23.6600,23.6750,48100
1466097898,23.6600,23.6850,23.6350,23.6801,70800
1466098189,23.6450,23.6900,23.6400,23.6700,40200
1466098499,23.6500,23.6600,23.6250,23.6400,160000
1466098798,23.6600,23.6850,23.6400,23.6450,49200
1466099040,23.6600,23.6700,23.6600,23.6650,52900
1466099397,23.6500,23.6700,23.6300,23.6600,180100
1466099679,23.6600,23.6600,23.6400,23.6500,64900
1466099940,23.6250,23.6550,23.6100,23.6550,210700
1466100292,23.6650,23.6700,23.6200,23.6200,66600
1466100596,23.6800,23.6800,23.6600,23.6700,38200
1466100896,23.6950,23.7200,23.6700,23.6800,77800
1466101197,23.7250,23.7350,23.6900,23.6950,60100
1466101461,23.7100,23.7300,23.6900,23.7300,53200
1466101782,23.6737,23.7050,23.6650,23.7012,51100
1466102040,23.6500,23.6800,23.6500,23.6750,67800
1466102388,23.6800,23.6900,23.6500,23.6500,89000
1466102674,23.6750,23.6850,23.6600,23.6750,43000
1466102951,23.7300,23.7300,23.6800,23.6800,59600
1466103243,23.7600,23.7700,23.7100,23.7200,167900
1466103593,23.7350,23.7600,23.7200,23.7600,66200
1466103841,23.7400,23.7400,23.7200,23.7200,104300
1466104189,23.7600,23.7600,23.7200,23.7400,74900
1466104442,23.7800,23.8000,23.7530,23.7550,182800
1466104752,23.7900,23.8000,23.7800,23.7800,46200
1466105041,23.8200,23.8200,23.7800,23.7900,100300
1466105399,23.8500,23.8500,23.8100,23.8200,139900
1466105645,23.8550,23.8700,23.8400,23.8450,112300
1466105942,23.8450,23.8600,23.8400,23.8550,53700
1466106297,23.8800,23.8800,23.8400,23.8500,64300
1466106599,23.8750,23.8800,23.8600,23.8800,173700
1466106840,23.8700,23.8850,23.8500,23.8800,145400
1466107140,23.8500,23.8700,23.8300,23.8600,333100
1466107200,23.8500,23.8500,23.8500,23.8500,257200
1466170440,23.7000,23.7458,23.5900,23.6200,0
1466170788,23.6300,23.6950,23.6200,23.6900,79800
1466171045,23.8300,23.8350,23.6300,23.6300,144600
1466171395,23.8100,23.8600,23.8000,23.8200,121500
1466171643,23.7800,23.8200,23.7750,23.8200,83900
1466171996,23.7900,23.7900,23.7500,23.7800,70700
1466172298,23.8200,23.8250,23.7700,23.7900,64100
1466172547,23.7900,23.8300,23.7800,23.8200,29100
1466172858,23.8400,23.8650,23.7950,23.8000,60700
1466173198,23.8400,23.8450,23.8100,23.8300,45900
1466173440,23.8300,23.8500,23.8100,23.8450,68500
1466173799,23.7900,23.8300,23.7700,23.8300,77800
1466174096,23.7163,23.7900,23.7100,23.7800,109100
1466174381,23.7000,23.7200,23.6900,23.7100,60300
1466174693,23.6700,23.7100,23.6600,23.7000,70400
1466174952,23.7300,23.7400,23.6750,23.6800,56600
1466175297,23.7100,23.7200,23.6600,23.7200,54400
1466175561,23.6999,23.7250,23.6900,23.7050,125600
1466175896,23.7100,23.7250,23.6700,23.6900,170900
1466176152,23.7500,23.7500,23.7050,23.7050,67300
1466176498,23.7100,23.7700,23.7000,23.7450,98000
1466176748,23.7200,23.7200,23.6850,23.7150,121600
1466177097,23.7450,23.7560,23.7150,23.7200,110900
1466177340,23.7200,23.7600,23.7100,23.7450,73500
1466177644,23.7500,23.7500,23.7100,23.7200,83300
1466177993,23.7750,23.7800,23.7250,23.7450,58500
1466178298,23.8200,23.8200,23.7750,23.7750,41800
1466178598,23.8050,23.8200,23.8000,23.8200,57700
1466178843,23.8000,23.8200,23.7800,23.8100,67200
1466179198,23.7500,23.7900,23.7400,23.7900,65500
1466179441,23.7550,23.7850,23.7400,23.7500,95800
1466179745,23.7750,23.7800,23.7500,23.7650,58100
1466180046,23.7750,23.7800,23.7700,23.7800,23800
1466180343,23.7750,23.7800,23.7600,23.7800,41500
1466180698,23.7650,23.7900,23.7650,23.7800,36100
1466180954,23.8100,23.8100,23.7600,23.7650,51500
1466181252,23.7650,23.8100,23.7550,23.8050,46300
1466181594,23.7650,23.7850,23.7600,23.7650,43600
1466181849,23.7850,23.7900,23.7650,23.7650,75600
1466182141,23.7600,23.8000,23.7500,23.7900,80200
1466182497,23.7750,23.7800,23.7550,23.7600,31900
1466182740,23.7800,23.7800,23.7600,23.7700,25000
1466183098,23.7450,23.7750,23.7350,23.7700,77500
1466183398,23.7800,23.7800,23.7450,23.7500,52800
1466183642,23.7700,23.7800,23.7500,23.7765,33600
1466183997,23.7800,23.7800,23.7700,23.7750,23500
1466184299,23.7600,23.7800,23.7500,23.7800,60600
1466184599,23.7600,23.7800,23.7500,23.7600,55500
1466184895,23.7700,23.7700,23.7450,23.7600,71700
1466185199,23.7700,23.7850,23.7700,23.7800,82800
1466185496,23.7850,23.7950,23.7700,23.7750,29400
1466185740,23.7800,23.8000,23.7800,23.7800,57700
1466186043,23.7950,23.8050,23.7801,23.7850,156800
1466186363,23.8200,23.8200,23.8000,23.8000,80600
1466186695,23.8100,23.8300,23.8031,23.8150,55300
1466186996,23.8100,23.8200,23.8000,23.8100,75200
1466187295,23.8000,23.8200,23.7900,23.8100,43100
1466187540,23.7950,23.8200,23.7950,23.8000,45200
1466187899,23.8550,23.8550,23.7900,23.7900,82400
1466188197,23.8550,23.8700,23.8300,23.8500,74800
1466188448,23.8550,23.8700,23.8350,23.8500,52000
1466188741,23.8650,23.8700,23.8500,23.8550,33500
1466189048,23.8750,23.8850,23.8500,23.8650,64400
1466189340,23.8600,23.8850,23.8600,23.8750,55400
1466189642,23.8750,23.8900,23.8600,23.8650,58500
1466189998,23.8850,23.8900,23.8700,23.8800,41300
1466190299,23.8800,23.8900,23.8700,23.8850,48100
1466190596,23.8550,23.8800,23.8500,23.8800,101500
1466190898,23.8300,23.8700,23.8250,23.8600,93200
1466191197,23.8200,23.8300,23.8000,23.8250,100000
1466191442,23.8200,23.8300,23.8100,23.8200,67900
1466191799,23.8100,23.8300,23.8100,23.8200,84700
1466192099,23.8000,23.8200,23.8000,23.8100,129800
1466192399,23.7950,23.8100,23.7900,23.8000,260200
1466192640,23.8350,23.8400,23.7900,23.7950,262200
1466192940,23.8200,23.8400,23.8200,23.8400,147200
1466193240,23.7950,23.8100,23.7900,23.8050,255600
1466193540,23.7900,23.8000,23.7800,23.8000,690400
1466193600,23.7900,23.7900,23.7900,23.7900,3700300
1466429641,24.5000,24.5300,24.2600,24.3400,0
1466429999,24.6100,24.6300,24.5000,24.5000,419600
1466430240,24.5900,24.6650,24.5800,24.6100,411000
1466430599,24.5900,24.6000,24.5400,24.5900,339500
1466430899,24.6800,24.6900,24.5750,24.5942,498600
1466431199,24.7450,24.7600,24.6700,24.6800,517200
1466431441,24.8050,24.8100,24.7400,24.7500,342400
1466431740,24.8200,24.8700,24.8000,24.8100,362600
1466432040,24.7900,24.8400,24.7800,24.8200,172800
1466432397,24.7900,24.8300,24.7700,24.8000,246800
1466432699,24.8000,24.8500,24.7900,24.7900,228000
1466432999,24.7800,24.8200,24.7700,24.8100,198800
1466433299,24.7300,24.7900,24.7200,24.7800,201500
1466433542,24.6300,24.7350,24.6300,24.7300,234000
1466433899,24.6700,24.7000,24.6300,24.6301,152500
1466434198,24.6900,24.7100,24.6600,24.6700,146500
1466434440,24.7200,24.7200,24.6900,24.6900,180300
1466434742,24.7550,24.7600,24.7150,24.7150,92800
1466435097,24.7650,24.7650,24.7200,24.7500,249500
1466435342,24.8400,24.8400,24.7650,24.7700,144100
1466435699,24.7900,24.8400,24.7900,24.8400,90900
1466435996,24.7900,24.8050,24.7750,24.7900,103200
1466436297,24.7850,24.8050,24.7700,24.7800,151100
1466436542,24.7300,24.7850,24.7300,24.7850,231000
1466436899,24.7442,24.7600,24.7300,24.7300,123800
1466437197,24.7500,24.7800,24.7400,24.7450,134100
1466437440,24.7350,24.7600,24.7300,24.7500,55800
1466437799,24.6702,24.7350,24.6700,24.7300,62900
1466438042,24.6800,24.7100,24.6700,24.6750,175600
1466438343,24.7500,24.7500,24.6740,24.6820,126200
1466438699,24.7200,24.7500,24.7200,24.7400,112600
1466438943,24.7238,24.7300,24.7200,24.7200,44600
1466439299,24.7250,24.7300,24.7200,24.7200,80100
1466439550,24.7200,24.7300,24.7000,24.7300,157500
1466439894,24.7212,24.7250,24.7100,24.7100,73700
1466440198,24.7350,24.7400,24.7200,24.7250,74900
1466440497,24.7200,24.7400,24.7200,24.7350,98500
1466440798,24.7200,24.7300,24.7200,24.7200,35900
1466441042,24.7250,24.7400,24.7200,24.7200,81700
1466441386,24.7300,24.7300,24.7100,24.7200,71300
1466441641,24.7400,24.7550,24.7201,24.7300,109000
1466441942,24.7450,24.7500,24.7400,24.7400,96000
1466442299,24.7450,24.7600,24.7300,24.7400,119500
1466442599,24.7550,24.7600,24.7300,24.7475,80400
1466442899,24.6900,24.7600,24.6900,24.7525,113200
1466443198,24.6900,24.7100,24.6900,24.6900,70200
1466443498,24.7350,24.7350,24.6900,24.6950,157300
1466443791,24.7050,24.7300,24.6900,24.7300,117500
1466444098,24.7300,24.7400,24.7000,24.7050,154700
1466444399,24.7400,24.7400,24.7200,24.7350,112900
1466444643,24.7800,24.7800,24.7300,24.7400,140100
1466444940,24.7700,24.7800,24.7600,24.7800,183500
1466445299,24.7800,24.8000,24.7700,24.7750,63900
1466445599,24.7650,24.7800,24.7600,24.7800,75500
1466445898,24.7350,24.7650,24.7300,24.7650,86600
1466446198,24.7400,24.7500,24.7100,24.7350,173600
1466446489,24.7300,24.7500,24.7200,24.7400,107700
1466446798,24.7350,24.7500,24.7200,24.7300,99400
1466447052,24.7450,24.7500,24.7200,24.7350,93200
1466447399,24.6750,24.7450,24.6700,24.7450,79700
1466447699,24.6400,24.6799,24.6400,24.6700,99000
1466447994,24.6450,24.6500,24.6200,24.6500,125100
1466448299,24.6600,24.6700,24.6400,24.6400,84100
1466448540,24.7000,24.7000,24.6500,24.6694,132300
1466448894,24.7100,24.7300,24.6900,24.6950,100500
1466449196,24.7250,24.7300,24.7100,24.7150,85500
1466449443,24.7500,24.7500,24.7100,24.7250,114500
1466449740,24.7150,24.7597,24.7100,24.7500,134100
1466450099,24.6850,24.7200,24.6800,24.7100,187600
1466450397,24.6850,24.6900,24.6600,24.6800,189000
1466450641,24.6700,24.7000,24.6600,24.6850,98100
1466450940,24.6400,24.6700,24.6400,24.6650,64300
1466451298,24.6599,24.6700,24.6400,24.6450,156900
1466451599,24.6500,24.6567,24.6400,24.6567,130500
1466451843,24.6100,24.6700,24.6100,24.6450,227100
1466452199,24.5600,24.6200,24.5600,24.6100,154400
1466452440,24.5650,24.5800,24.5500,24.5600,263300
1466452799,24.5700,24.6000,24.5600,24.5600,628100
1466452800,24.5700,24.5700,24.5700,24.5700,459600
1466516097,24.5500,24.6300,24.5500,24.5800,0
1466516398,24.5150,24.5800,24.5100,24.5600,132200
1466516699,24.5200,24.5500,24.4800,24.5100,129900
1466516998,24.5500,24.5650,24.4900,24.5200,155300
1466517299,24.5600,24.5600,24.5300,24.5400,82200
1466517599,24.6700,24.6700,24.5500,24.5600,274600
1466517898,24.5450,24.6650,24.5400,24.6600,76800
1466518199,24.5500,24.5900,24.5400,24.5410,121500
1466518498,24.6550,24.6600,24.5500,24.5500,80300
1466518788,24.6300,24.6600,24.6000,24.6550,64000
1466519098,24.5599,24.6350,24.5500,24.6300,71800
1466519346,24.5700,24.5900,24.5500,24.5550,107900
1466519688,24.5100,24.5750,24.5100,24.5750,122500
1466519991,24.5150,24.5300,24.4900,24.5200,102500
1466520248,24.5200,24.5400,24.4850,24.5200,87900
1466520545,24.5100,24.5250,24.4900,24.5150,74800
1466520897,24.4950,24.5100,24.4900,24.5100,43100
1466521198,24.4617,24.5100,24.4600,24.4950,117400
1466521442,24.5000,24.5300,24.4500,24.4600,87600
1466521797,24.5250,24.5450,24.5050,24.5100,93000
1466522099,24.5450,24.5550,24.5100,24.5200,76400
1466522393,24.5200,24.5500,24.5200,24.5500,39200
1466522646,24.4950,24.5300,24.4900,24.5200,211100
1466522986,24.4900,24.5250,24.4900,24.4950,100800
1466523240,24.4800,24.5000,24.4720,24.4900,80700
1466523594,24.4950,24.5000,24.4700,24.4780,46200
1466523897,24.5200,24.5200,24.4900,24.4950,69100
1466524198,24.5100,24.5200,24.4900,24.5150,103600
1466524487,24.5050,24.5100,24.4900,24.5100,51900
1466524795,24.5100,24.5300,24.5050,24.5050,59300
1466525098,24.5300,24.5300,24.5100,24.5100,27400
1466525388,24.5350,24.5500,24.5200,24.5300,56100
1466525642,24.5401,24.5500,24.5200,24.5350,84800
1466525998,24.5600,24.5600,24.5400,24.5450,26700
1466526293,24.5800,24.5900,24.5500,24.5600,44100
1466526548,24.5900,24.5900,24.5800,24.5850,25300
1466526899,24.5850,24.6000,24.5800,24.5900,59800
1466527198,24.5900,24.5900,24.5800,24.5850,35300
1466527442,24.5950,24.6000,24.5750,24.5900,58300
1466527792,24.5950,24.6000,24.5800,24.5950,68600
1466528099,24.5900,24.6000,24.5800,24.5950,85600
1466528384,24.5700,24.6100,24.5700,24.5900,80300
1466528699,24.6000,24.6000,24.5700,24.5700,50600
1466528944,24.6300,24.6300,24.6000,24.6000,92900
1466529299,24.6450,24.6500,24.6200,24.6200,93500
1466529544,24.6500,24.6500,24.6300,24.6450,96000
1466529842,24.6050,24.6500,24.6050,24.6400,114400
1466530140,24.6200,24.6200,24.6000,24.6050,35200
1466530443,24.6200,24.6400,24.6100,24.6200,86100
1466530792,24.6275,24.6300,24.5850,24.6100,113900
1466531047,24.6499,24.6500,24.6300,24.6300,48400
1466531350,24.6250,24.6500,24.6200,24.6450,70300
1466531646,24.6250,24.6400,24.6200,24.6200,43700
1466531999,24.6450,24.6600,24.6300,24.6350,142300
1466532297,24.6200,24.6450,24.6200,24.6400,29600
1466532540,24.6500,24.6600,24.6200,24.6250,83700
1466532899,24.6850,24.6900,24.6500,24.6500,80700
1466533199,24.6700,24.7000,24.6700,24.6800,42800
1466533451,24.6650,24.6800,24.6600,24.6750,36500
1466533741,24.6650,24.6700,24.6600,24.6600,43400
1466534097,24.6475,24.6700,24.6400,24.6650,117200
1466534347,24.7400,24.7400,24.6400,24.6439,137300
1466534697,24.7150,24.7400,24.7100,24.7350,68700
1466534941,24.7200,24.7300,24.7150,24.7150,74700
1466535241,24.7250,24.7300,24.7200,24.7200,28700
1466535598,24.7100,24.7400,24.7100,24.7300,131800
1466535898,24.7150,24.7300,24.7000,24.7150,103100
1466536199,24.7050,24.7200,24.6900,24.7131,90100
1466536499,24.7100,24.7300,24.7100,24.7100,106700
1466536741,24.7350,24.7500,24.7150,24.7150,69700
1466537040,24.7300,24.7500,24.7100,24.7350,125900
1466537399,24.7450,24.7650,24.7300,24.7300,124500
1466537699,24.7300,24.7500,24.7200,24.7500,98400
1466537999,24.7350,24.7500,24.7200,24.7350,104600
1466538298,24.7200,24.7550,24.7100,24.7400,198300
1466538598,24.7450,24.7600,24.7100,24.7200,192400
1466538899,24.7150,24.7500,24.7100,24.7450,164700
1466539140,24.7100,24.7300,24.6900,24.7100,849900
1466539200,24.7000,24.7000,24.7000,24.7000,0
1466602499,24.7400,24.7401,24.6200,24.6800,0
1466602787,24.7300,24.7525,24.7100,24.7400,120900
1466603091,24.6900,24.7500,24.6900,24.7400,111200
1466603398,24.6950,24.7000,24.6600,24.6800,100900
1466603699,24.6650,24.7000,24.6400,24.7000,114200
1466603996,24.6300,24.6650,24.6300,24.6650,60500
1466604242,24.5807,24.6400,24.5807,24.6250,103300
1466604594,24.5900,24.6050,24.5750,24.5800,116300
1466604897,24.5800,24.6000,24.5800,24.5835,38000
1466605156,24.6000,24.6100,24.5800,24.5850,53600
1466605448,24.5900,24.6100,24.5900,24.6000,38000
1466605797,24.5400,24.6000,24.5400,24.5900,58000
1466606047,24.5600,24.5700,24.5200,24.5400,63800
1466606397,24.5800,24.5900,24.5600,24.5650,25300
1466606698,24.6100,24.6100,24.5800,24.5800,47000
1466606977,24.5650,24.6100,24.5600,24.6100,63000
1466607287,24.5850,24.6000,24.5600,24.5600,79900
1466607540,24.5700,24.5899,24.5500,24.5899,92700
1466607846,24.5700,24.5900,24.5700,24.5700,68100
1466608199,24.5400,24.5750,24.5400,24.5700,46100
1466608495,24.5400,24.5600,24.5400,24.5400,44700
1466608799,24.5400,24.5500,24.5300,24.5400,63900
1466609097,24.5400,24.5600,24.5400,24.5450,61700
1466609399,24.5150,24.5500,24.5100,24.5400,81300
1466609698,24.4450,24.5150,24.4400,24.5100,174200
1466609999,24.4700,24.4800,24.4400,24.4450,122300
1466610291,24.4700,24.4800,24.4600,24.4700,41900
1466610590,24.4800,24.5000,24.4700,24.4700,50200
1466610897,24.5200,24.5250,24.4800,24.4850,50100
1466611199,24.5000,24.5300,24.5000,24.5200,28000
1466611494,24.4950,24.5100,24.4800,24.5000,43800
1466611797,24.5100,24.5100,24.4700,24.4900,52500
1466612088,24.5000,24.5200,24.5000,24.5100,36800
1466612352,24.4837,24.5100,24.4800,24.5000,55200
1466612698,24.4000,24.4900,24.4000,24.4800,89900
1466612998,24.4400,24.4400,24.3800,24.4000,90300
1466613243,24.4250,24.4350,24.4000,24.4300,46100
1466613543,24.4200,24.4400,24.4200,24.4300,33900
1466613895,24.4100,24.4300,24.4100,24.4250,37000
1466614199,24.4200,24.4200,24.3800,24.4100,61600
1466614496,24.4200,24.4300,24.4050,24.4150,45100
1466614799,24.4450,24.4450,24.4000,24.4200,64700
1466615089,24.4100,24.4400,24.4100,24.4400,37700
1466615341,24.3600,24.4200,24.3600,24.4100,43600
1466615650,24.3500,24.3600,24.3300,24.3600,96600
1466615946,24.3500,24.3600,24.3400,24.3450,57000
1466616299,24.3450,24.3600,24.3400,24.3500,39800
1466616599,24.3500,24.3600,24.3400,24.3400,69600
1466616898,24.3799,24.3900,24.3500,24.3550,105000
1466617197,24.3900,24.3950,24.3700,24.3750,55700
1466617448,24.3900,24.4000,24.3700,24.4000,38900
1466617795,24.3800,24.4000,24.3800,24.3900,35600
1466618096,24.4250,24.4400,24.3800,24.3850,58900
1466618397,24.4200,24.4400,24.4100,24.4250,46600
1466618642,24.4400,24.4400,24.4100,24.4200,29700
1466618940,24.4350,24.4550,24.4300,24.4300,47000
1466619298,24.4500,24.4550,24.4300,24.4350,33700
1466619597,24.4450,24.4600,24.4400,24.4500,32100
1466619840,24.4400,24.4400,24.4100,24.4400,56500
1466620141,24.4350,24.4500,24.4300,24.4300,55700
1466620496,24.4000,24.4400,24.3900,24.4300,88600
1466620752,24.3950,24.4000,24.3800,24.3900,52700
1466621098,24.4000,24.4100,24.3800,24.4000,67400
1466621397,24.3850,24.4100,24.3800,24.4050,41500
1466621696,24.4000,24.4075,24.3800,24.3900,65800
1466621940,24.4100,24.4100,24.4000,24.4000,38800
1466622299,24.4200,24.4500,24.4000,24.4050,133100
1466622599,24.4050,24.4300,24.4000,24.4200,42700
1466622841,24.4200,24.4300,24.4000,24.4050,69700
1466623199,24.4100,24.4300,24.4050,24.4200,75100
1466623489,24.3900,24.4100,24.3800,24.4100,97900
1466623794,24.3600,24.4100,24.3500,24.4000,142800
1466624043,24.3800,24.4000,24.3600,24.3600,110600
1466624342,24.4100,24.4100,24.3800,24.3850,91000
1466624640,24.3900,24.4200,24.3800,24.4100,149100
1466624996,24.3700,24.3900,24.3500,24.3850,102600
1466625240,24.3500,24.3650,24.3200,24.3600,202400
1466625540,24.3600,24.3600,24.3200,24.3500,1094600
1466625600,24.3400,24.3400,24.3400,24.3400,0
1466688842,24.6600,24.7200,24.6100,24.6900,0
1466689194,24.7400,24.7400,24.6400,24.6600,130200
1466689495,24.7900,24.8200,24.7300,24.7300,406100
1466689741,24.9300,24.9400,24.7700,24.7850,500600
1466690099,24.9050,24.9500,24.8900,24.9300,117700
1466690345,24.8800,24.9050,24.8800,24.9050,166300
1466690641,24.9450,24.9500,24.8800,24.8900,209300
1466690940,24.9400,24.9500,24.9107,24.9400,108200
1466691245,24.9150,24.9400,24.9150,24.9400,64800
1466691597,24.9189,24.9400,24.9100,24.9200,64100
1466691886,24.9250,24.9400,24.9100,24.9150,58500
1466692198,24.9150,24.9500,24.9100,24.9300,62200
1466692498,24.8600,24.9300,24.8400,24.9100,678100
1466692740,24.8700,24.8800,24.8428,24.8601,51500
1466693041,24.8700,24.8800,24.8500,24.8600,28200
1466693399,24.8750,24.8800,24.8500,24.8700,65400
1466693698,24.8900,24.8950,24.8736,24.8800,79300
1466693999,24.8700,24.9000,24.8700,24.8900,34400
1466694249,24.8750,24.8850,24.8550,24.8700,85800
1466694583,24.8700,24.8900,24.8700,24.8772,32200
1466694899,24.8850,24.8900,24.8650,24.8700,63000
1466695188,24.9000,24.9100,24.8900,24.8900,178900
1466695499,24.8800,24.9100,24.8700,24.9000,47500
1466695743,24.9050,24.9100,24.8700,24.8800,56200
1466696092,24.9100,24.9100,24.9000,24.9100,23100
1466696392,24.8850,24.9200,24.8800,24.9100,79800
1466696646,24.8801,24.8900,24.8700,24.8850,46200
1466696942,24.8900,24.8900,24.8700,24.8800,48500
1466697248,24.8900,24.9050,24.8800,24.8900,54300
1466697540,24.9000,24.9000,24.8800,24.8850,32800
1466697840,24.8800,24.9000,24.8750,24.9000,64100
1466698194,24.9000,24.9000,24.8700,24.8800,37000
1466698498,24.8900,24.9000,24.8850,24.9000,26300
1466698740,24.8850,24.8900,24.8800,24.8840,12900
1466699097,24.8900,24.8900,24.8800,24.8850,19700
1466699347,24.8700,24.8950,24.8550,24.8850,177500
1466699668,24.8800,24.8850,24.8700,24.8700,40400
1466699999,24.8700,24.8900,24.8700,24.8800,19600
1466700294,24.8400,24.8900,24.8400,24.8700,154300
1466700586,24.8350,24.8450,24.8300,24.8450,37500
1466700890,24.8600,24.8600,24.8350,24.8400,27000
1466701199,24.8300,24.8600,24.8300,24.8600,26200
1466701484,24.8300,24.8500,24.8200,24.8400,91900
1466701798,24.8300,24.8300,24.8200,24.8250,39300
1466702040,24.8200,24.8300,24.8100,24.8300,45200
1466702395,24.8300,24.8350,24.8100,24.8200,30300
1466702641,24.8500,24.8600,24.8300,24.8300,66400
1466702996,24.8500,24.8600,24.8500,24.8500,20800
1466703299,24.8650,24.8700,24.8500,24.8500,117400
1466703598,24.8650,24.8800,24.8600,24.8600,100700
1466703896,24.8750,24.8800,24.8500,24.8650,154800
1466704196,24.8600,24.8800,24.8600,24.8768,42000
1466704496,24.8700,24.8750,24.8500,24.8600,58200
1466704797,24.8700,24.8800,24.8500,24.8800,48600
1466705098,24.8700,24.8760,24.8550,24.8650,54400
1466705399,24.8775,24.8800,24.8600,24.8650,40800
1466705698,24.9000,24.9050,24.8750,24.8800,112100
1466705996,24.9000,24.9300,24.8900,24.9000,57400
1466706241,24.8300,24.9100,24.8200,24.9000,123700
1466706599,24.8400,24.8500,24.8300,24.8300,91400
1466706898,24.8650,24.8700,24.8350,24.8400,56400
1466707197,24.8550,24.8900,24.8500,24.8650,109300
1466707441,24.8400,24.8550,24.8400,24.8500,34400
1466707796,24.8550,24.8750,24.8400,24.8450,117300
1466708051,24.8700,24.8750,24.8550,24.8600,82900
1466708341,24.8600,24.8800,24.8600,24.8750,43600
1466708647,24.8650,24.8700,24.8600,24.8600,210400
1466708947,24.8500,24.8700,24.8500,24.8650,174300
1466709299,24.8500,24.8700,24.8500,24.8502,71100
1466709540,24.8400,24.8600,24.8300,24.8550,308700
1466709898,24.8400,24.8500,24.8300,24.8400,75000
1466710199,24.8400,24.8500,24.8400,24.8400,41700
1466710497,24.8200,24.8500,24.8200,24.8450,122900
1466710742,24.7950,24.8250,24.7900,24.8200,247100
1466711099,24.8000,24.8000,24.7500,24.7900,536800
1466711340,24.8450,24.8500,24.8000,24.8000,138700
1466711699,24.8500,24.8700,24.8400,24.8500,251100
1466711940,24.8500,24.8600,24.8300,24.8500,416400
1466712000,24.8500,24.8500,24.8500,24.8500,65500
1466775298,23.7400,23.8900,23.7000,23.7460,0
1466775599,23.6500,23.7441,23.6200,23.7400,246200
1466775840,23.6750,23.7500,23.6350,23.6599,340800
1466776199,23.5800,23.6800,23.5600,23.6600,337100
1466776496,23.5700,23.5800,23.4800,23.5800,265800
1466776798,23.5500,23.6000,23.5100,23.5600,738300
1466777099,23.5800,23.6100,23.5000,23.5500,687200
1466777397,23.5350,23.6000,23.5200,23.5950,375300
1466777695,23.6200,23.6500,23.5050,23.5400,458600
1466777940,23.4700,23.6300,23.4600,23.6200,162300
1466778246,23.4100,23.4850,23.3700,23.4700,196600
1466778598,23.4500,23.4700,23.3600,23.4100,171400
1466778841,23.4500,23.5050,23.4400,23.4400,274200
1466779198,23.4700,23.5000,23.4450,23.4500,201600
1466779498,23.4700,23.5000,23.4200,23.4750,110700
1466779758,23.4000,23.4800,23.3900,23.4700,176900
1466780095,23.3750,23.4000,23.3600,23.4000,112900
1466780399,23.3100,23.3900,23.3000,23.3750,226700
1466780643,23.2700,23.3200,23.2600,23.3100,269400
1466780940,23.3450,23.3500,23.2650,23.2750,115900
1466781299,23.2950,23.3500,23.2600,23.3450,171900
1466781599,23.2900,23.3000,23.2600,23.2900,229000
1466781895,23.2450,23.3000,23.2350,23.2850,259600
1466782198,23.2950,23.3000,23.2350,23.2400,170300
1466782497,23.2500,23.2950,23.2400,23.2950,168600
1466782742,23.2400,23.2600,23.2200,23.2400,115200
