1465565698,51.3600,51.3800,51.0500,51.0500,923700
1465565940,51.4600,51.5200,51.3200,51.3638,405600
1465566240,51.4200,51.4600,51.3700,51.4500,420500
1465566598,51.4600,51.4800,51.3800,51.4200,341700
1465566899,51.4100,51.4800,51.3500,51.4600,418300
1465567142,51.4630,51.5200,51.3900,51.4100,350400
1465567499,51.4850,51.5200,51.4442,51.4700,375600
1465567740,51.5168,51.5250,51.4599,51.4850,344300
1465568099,51.5850,51.5900,51.5050,51.5100,404500
1465568399,51.7300,51.7750,51.5700,51.5800,479700
1465568699,51.8200,51.8300,51.7100,51.7350,343100
1465568940,51.8502,51.9000,51.7866,51.8200,335300
1465569240,51.9800,51.9899,51.8301,51.8600,441100
1465569540,51.9950,52.0500,51.9700,51.9900,420200
1465569898,52.0300,52.0500,51.9800,52.0150,423300
1465570198,52.0200,52.0350,51.9900,52.0300,495700
1465570441,51.9550,52.0300,51.9200,52.0100,543800
1465570799,51.9200,51.9700,51.8933,51.9589,351700
1465571098,51.8450,51.9180,51.8150,51.9100,132800
1465571399,51.9000,51.9200,51.8250,51.8434,443400
1465571643,51.9351,51.9400,51.8600,51.9000,209400
1465571999,51.8850,51.9599,51.8700,51.9400,310200
1465572298,51.9000,51.9100,51.8400,51.8900,219000
1465572596,51.8405,51.9050,51.8300,51.9000,266100
1465572840,51.8300,51.8800,51.8200,51.8500,175400
1465573146,51.8750,51.9000,51.8300,51.8300,240100
1465573499,51.8500,51.9000,51.8300,51.8700,179500
1465573741,51.8450,51.8800,51.8400,51.8550,114700
1465574046,51.8900,51.9000,51.8200,51.8600,157500
1465574340,51.9400,51.9600,51.8900,51.8940,151200
1465574643,51.9250,51.9530,51.9100,51.9300,140700
1465574999,51.9000,51.9300,51.8912,51.9200,155800
1465575298,51.9090,51.9400,51.8700,51.9050,180100
1465575542,51.8561,51.9150,51.8500,51.9030,127400
1465575841,51.8450,51.8700,51.8300,51.8505,124600
1465576140,51.8823,51.9100,51.8400,51.8500,184800
1465576441,51.8199,51.9000,51.8000,51.8900,224600
1465576740,51.8007,51.8400,51.8000,51.8100,157000
1465577042,51.7862,51.8150,51.7700,51.8100,157300
1465577399,51.7540,51.7850,51.7500,51.7850,160300
1465577644,51.7541,51.7700,51.7300,51.7588,138200
1465577941,51.7350,51.7600,51.7300,51.7599,123700
1465578299,51.7301,51.7625,51.7250,51.7320,193100
1465578599,51.7300,51.7400,51.7100,51.7300,145900
1465578840,51.7450,51.7800,51.7100,51.7200,165300
1465579196,51.7900,51.8200,51.7400,51.7500,154000
1465579447,51.8300,51.8400,51.7650,51.7900,84300
1465579740,51.8200,51.8500,51.8100,51.8300,123800
1465580043,51.7900,51.8400,51.7600,51.8210,159500
1465580341,51.7700,51.8100,51.7500,51.7900,98200
1465580641,51.7500,51.7700,51.7400,51.7700,98100
1465580999,51.6000,51.7477,51.6000,51.7400,344600
1465581240,51.5100,51.6000,51.5100,51.5900,342700
1465581543,51.5150,51.5500,51.4900,51.5100,320800
1465581842,51.4600,51.5300,51.4400,51.5100,325300
1465582199,51.3900,51.4800,51.3700,51.4500,437000
1465582441,51.3900,51.4300,51.3710,51.3800,332200
1465582799,51.3900,51.4300,51.3900,51.4000,159600
1465583099,51.4550,51.4600,51.3900,51.3977,194100
1465583397,51.4300,51.4800,51.4250,51.4574,135000
1465583699,51.4000,51.4499,51.3800,51.4300,177700
1465583946,51.3800,51.4000,51.3600,51.3900,628600
1465584244,51.4000,51.4000,51.3700,51.3850,157500
1465584540,51.3300,51.4000,51.3200,51.3901,248700
1465584899,51.2950,51.3300,51.2750,51.3300,346300
1465585198,51.2800,51.3050,51.2700,51.3000,351100
1465585499,51.2550,51.2900,51.2350,51.2800,391600
1465585796,51.2500,51.2800,51.2300,51.2536,204400
1465586040,51.2500,51.2800,51.2300,51.2550,223300
1465586399,51.3050,51.3400,51.2500,51.2500,275900
1465586699,51.3500,51.3650,51.3000,51.3100,275000
1465586940,51.3450,51.3700,51.3100,51.3500,319100
1465587299,51.4000,51.4200,51.3450,51.3500,320000
1465587599,51.3950,51.4200,51.3500,51.4050,251700
1465587899,51.3550,51.4000,51.3350,51.3900,287800
1465588140,51.4900,51.5300,51.3500,51.3500,827900
1465588443,51.4400,51.4900,51.4100,51.4900,422900
1465588799,51.4900,51.5000,51.4200,51.4500,1279000
1465588800,51.4900,51.4900,51.4900,51.4900,200
1465824899,49.4700,49.6300,49.2500,49.5800,0
1465825199,49.1300,49.5900,49.1200,49.4600,3736600
1465825499,49.4550,49.4600,49.0600,49.1250,3058700
1465825799,49.4485,49.5500,49.2800,49.4500,3325300
1465826099,49.8469,49.8500,49.3600,49.4400,3586800
1465826398,49.7500,49.9500,49.7250,49.8442,2432600
1465826640,49.8361,49.8800,49.6900,49.7500,1375900
1465826940,49.8500,49.9600,49.8000,49.8339,2306500
1465827299,49.8750,49.9000,49.7700,49.8450,1204500
1465827540,49.9250,50.0100,49.8700,49.8800,2224200
1465827899,50.0250,50.0600,49.8300,49.9213,2432800
1465828140,50.1800,50.2300,50.0215,50.0250,1697100
1465828440,50.1700,50.3600,50.1500,50.1750,1700200
1465828740,50.1050,50.1700,50.0800,50.1650,804700
1465829040,50.0750,50.1300,50.0700,50.1071,1041500
1465829399,50.0950,50.1800,50.0700,50.0750,645800
1465829699,50.1500,50.1700,50.0700,50.0950,655000
1465829999,50.2900,50.3100,50.1500,50.1500,963400
1465830299,50.3850,50.4400,50.2900,50.2950,983100
1465830598,50.4550,50.4700,50.3400,50.3800,818700
1465830899,50.3751,50.5500,50.3600,50.4500,1081600
1465831140,50.5600,50.6100,50.3300,50.3700,702500
1465831499,50.5300,50.5700,50.4700,50.5665,511200
1465831799,50.6836,50.7150,50.5000,50.5300,941700
1465832040,50.4300,50.6992,50.3900,50.6850,791700
1465832399,50.1670,50.4400,50.1400,50.4350,994100
1465832640,50.2250,50.2400,50.0800,50.1600,945300
1465832999,50.1900,50.2293,50.1200,50.2200,686700
1465833299,50.1500,50.2000,50.1300,50.1900,819800
1465833540,49.9900,50.1700,49.9500,50.1450,1392200
1465833840,50.0062,50.0100,49.8900,49.9900,1176700
1465834140,49.9800,50.0400,49.9750,50.0000,726100
1465834440,49.9950,50.0300,49.9500,49.9800,402900
1465834799,50.0150,50.0300,49.9700,49.9950,458500
1465835099,50.0050,50.1200,49.9950,50.0100,736700
1465835396,49.9950,50.0200,49.9200,50.0050,539300
1465835640,50.0850,50.0950,49.9850,49.9950,690700
1465835999,50.0550,50.0800,50.0300,50.0800,306000
1465836299,50.2350,50.2400,50.0500,50.0550,454100
1465836599,50.2350,50.2500,50.2100,50.2300,547800
1465836899,50.1300,50.2400,50.1200,50.2358,294800
1465837140,50.1400,50.2000,50.1200,50.1300,352900
1465837496,50.1600,50.1800,50.1100,50.1350,304600
1465837796,50.1400,50.1900,50.1300,50.1500,239500
1465838099,50.0200,50.1500,50.0200,50.1450,398300
1465838341,50.0290,50.0400,49.9900,50.0200,769500
1465838640,50.1600,50.1700,50.0200,50.0300,407700
1465838999,50.1000,50.1500,50.0800,50.1500,271900
1465839299,50.0450,50.1000,50.0300,50.0950,212500
1465839540,49.9800,50.0600,49.9800,50.0450,477300
1465839898,50.0737,50.0800,49.9600,49.9860,629700
1465840140,50.1101,50.1300,50.0800,50.0800,188800
1465840498,50.0500,50.1300,50.0500,50.1164,308200
1465840740,50.0750,50.0900,50.0400,50.0600,362100
1465841040,50.0250,50.1000,50.0200,50.0700,356000
1465841398,50.0890,50.0900,50.0199,50.0250,283600
1465841698,50.1500,50.1700,50.0850,50.0900,331300
1465841998,50.1342,50.1600,50.1150,50.1500,318000
1465842243,50.1300,50.1500,50.1100,50.1350,280900
1465842540,50.1600,50.1700,50.0400,50.1300,380400
1465842840,50.2350,50.2500,50.1100,50.1600,441500
1465843140,50.2200,50.2500,50.2000,50.2300,270800
1465843493,50.2400,50.2500,50.2150,50.2156,279600
1465843742,50.1800,50.2700,50.1650,50.2350,399400
1465844099,50.1211,50.1900,50.0800,50.1800,390300
1465844399,50.0450,50.1268,50.0300,50.1200,396900
1465844640,50.1235,50.1300,50.0400,50.0450,380400
1465844940,50.0700,50.1250,49.9950,50.1200,969800
1465845298,50.1300,50.1450,50.0600,50.0650,619300
1465845541,50.1870,50.1900,50.1200,50.1350,714100
1465845899,50.2260,50.2799,50.1700,50.1850,856300
1465846140,50.1900,50.2500,50.1700,50.2300,567000
1465846442,50.2300,50.2600,50.1600,50.1850,806200
1465846799,50.2100,50.2600,50.2000,50.2300,497400
1465847099,50.2250,50.2300,50.1300,50.2050,763800
1465847340,50.2600,50.2900,50.1500,50.2200,1039700
1465847699,50.2200,50.2750,50.1600,50.2550,1173700
1465847999,50.1500,50.2200,50.1100,50.2150,2219900
1465848000,50.1400,50.1400,50.1400,50.1400,300
1465911299,49.9400,50.0100,49.8899,49.9000,0
1465911550,49.9850,49.9900,49.9100,49.9400,742800
1465911840,50.0400,50.1000,49.9100,49.9850,1023900
1465912199,49.9640,50.0500,49.9250,50.0400,985800
1465912499,49.9850,50.0100,49.8950,49.9700,914400
1465912799,49.9700,50.0100,49.9450,49.9850,792600
1465913099,49.9100,50.0200,49.9000,49.9700,807200
1465913340,49.9050,49.9400,49.8700,49.9100,768100
1465913699,49.8350,49.9180,49.8000,49.9050,731500
1465913998,49.7400,49.8600,49.7300,49.8400,843500
1465914240,49.7199,49.8000,49.7050,49.7300,435300
1465914540,49.7350,49.7700,49.6300,49.7100,666800
1465914898,49.8350,49.8600,49.7300,49.7350,637900
1465915140,49.7401,49.8450,49.6500,49.8301,667700
1465915445,49.6773,49.7499,49.6700,49.7400,347700
1465915799,49.6600,49.7400,49.6200,49.6750,567800
1465916099,49.6473,49.7000,49.6200,49.6650,366300
1465916399,49.6547,49.6700,49.6000,49.6400,451000
1465916699,49.6650,49.7100,49.5700,49.6600,649400
1465916999,49.7500,49.7550,49.6500,49.6650,484500
1465917299,49.6950,49.7600,49.6800,49.7500,386500
1465917599,49.6600,49.7400,49.6300,49.7000,415900
1465917899,49.6200,49.6700,49.5800,49.6600,676900
1465918140,49.6100,49.6500,49.5900,49.6200,381100
1465918499,49.6950,49.7200,49.5850,49.6050,486300
1465918799,49.7150,49.7278,49.6500,49.7000,529100
1465919041,49.7200,49.7700,49.6750,49.7200,431700
1465919399,49.7360,49.7700,49.7100,49.7250,224500
1465919640,49.7800,49.7800,49.7000,49.7300,345600
1465919999,49.6950,49.7800,49.6700,49.7700,295900
1465920299,49.7300,49.7500,49.6900,49.6900,303000
1465920598,49.6976,49.7400,49.6500,49.7350,346300
1465920897,49.7050,49.7100,49.6700,49.7000,363600
1465921141,49.7331,49.7600,49.7000,49.7050,228800
1465921440,49.8500,49.8600,49.7400,49.7400,252300
1465921740,49.9735,49.9900,49.8410,49.8450,390600
1465922097,49.9000,49.9800,49.8900,49.9765,254300
1465922340,49.8750,49.9100,49.8550,49.9000,265800
1465922699,49.8950,49.9050,49.8600,49.8800,311300
1465922943,49.8800,49.9090,49.8550,49.8900,306900
1465923296,49.8900,49.9050,49.8700,49.8793,289200
1465923540,49.8266,49.9050,49.8200,49.8900,307300
1465923844,49.8800,49.8900,49.8100,49.8250,257000
1465924199,49.8300,49.9050,49.8250,49.8800,449000
1465924499,49.8300,49.8300,49.7500,49.8250,305900
1465924740,49.8550,49.8800,49.7900,49.8300,233800
1465925099,49.8500,49.9050,49.8450,49.8573,172700
1465925399,49.8100,49.8600,49.8100,49.8550,193000
1465925640,49.8850,49.9000,49.8050,49.8050,315700
1465925998,49.8850,49.9100,49.8700,49.8850,217400
1465926240,49.8300,49.8900,49.8300,49.8850,420400
1465926597,49.8161,49.8600,49.8000,49.8300,200600
1465926843,49.7900,49.8300,49.7800,49.8100,185100
1465927140,49.8050,49.8150,49.7300,49.7950,309100
1465927440,49.8140,49.8550,49.7900,49.8000,218700
1465927798,49.8200,49.8550,49.7900,49.8200,252100
1465928040,49.8150,49.8400,49.7900,49.8150,288400
1465928399,49.8310,49.8400,49.7900,49.8100,399400
1465928640,49.8674,49.9000,49.8300,49.8300,416700
1465928999,49.8900,49.9100,49.8400,49.8700,336800
1465929240,49.8500,49.9100,49.8350,49.8966,281200
1465929598,49.8850,49.8900,49.8200,49.8590,199100
1465929899,49.8450,49.9000,49.8450,49.8900,316300
1465930141,49.8350,49.8700,49.8000,49.8500,302300
1465930440,49.7405,49.8500,49.7300,49.8350,343100
1465930740,49.7000,49.7500,49.6800,49.7450,397700
1465931099,49.7050,49.7300,49.6350,49.7000,941800
1465931340,49.7350,49.7750,49.7000,49.7099,835800
1465931640,49.7450,49.7600,49.7000,49.7300,706000
1465931999,49.7656,49.8000,49.7300,49.7500,823300
1465932299,49.7600,49.8000,49.7300,49.7650,737800
1465932540,49.8050,49.8295,49.7505,49.7550,724800
1465932841,49.8150,49.8200,49.7741,49.8000,1066600
1465933141,49.7852,49.8250,49.7400,49.8100,733500
1465933440,49.7950,49.8400,49.7750,49.7900,863500
1465933740,49.7500,49.7950,49.6800,49.7900,808100
1465934099,49.7350,49.7700,49.6800,49.7400,1086400
1465934340,49.8200,49.8300,49.7250,49.7400,4053000
1465934400,49.8300,49.8300,49.8300,49.8300,0
1465997640,49.9200,49.9900,49.7500,49.7800,0
1465997940,49.9500,50.0000,49.8800,49.9200,568000
1465998299,49.8500,50.0000,49.8300,49.9600,358800
1465998540,49.8360,49.8850,49.8000,49.8500,405100
1465998840,49.8450,49.9100,49.8400,49.8400,272500
1465999199,49.8600,49.9200,49.8400,49.8500,272700
1465999498,49.9100,49.9400,49.8700,49.8700,218400
1465999799,49.9200,49.9800,49.9100,49.9100,290000
1466000049,49.9600,49.9600,49.8800,49.9200,282700
1466000398,49.9950,50.0000,49.9200,49.9600,379200
1466000699,49.9800,50.0700,49.9700,49.9950,681200
1466000999,49.9830,50.0100,49.9210,49.9700,268900
1466001240,49.9950,50.0200,49.9550,49.9900,306300
1466001599,50.1100,50.1200,49.9900,50.0000,493000
1466001845,50.0300,50.1200,50.0300,50.1200,342400
1466002140,50.0700,50.1100,50.0260,50.0350,362600
1466002440,50.0735,50.1200,50.0500,50.0800,257900
1466002798,50.0450,50.0950,50.0400,50.0750,277200
1466003040,50.0950,50.1200,50.0400,50.0500,214100
1466003398,50.0200,50.1100,50.0200,50.1000,257400
1466003643,50.0000,50.0600,50.0000,50.0290,160500
1466003999,49.8550,50.0080,49.8500,50.0000,335600
1466004240,49.8600,49.8900,49.8500,49.8600,255800
1466004541,49.7600,49.8599,49.7550,49.8599,323200
1466004899,49.8100,49.8500,49.7500,49.7500,274700
1466005196,49.8400,49.8900,49.8000,49.8000,218700
1466005499,49.9062,49.9300,49.8400,49.8400,194600
1466005743,49.9300,49.9500,49.8700,49.9100,220500
1466006040,49.9431,49.9950,49.9200,49.9361,195100
1466006340,49.9300,49.9500,49.9200,49.9480,144800
1466006641,49.8800,49.9500,49.8800,49.9250,254100
1466006999,49.8100,49.9000,49.8100,49.8800,195500
1466007240,49.7999,49.8300,49.7800,49.8150,433600
1466007599,49.8700,49.8800,49.7900,49.7900,227600
1466007898,49.8300,49.9050,49.8300,49.8800,219100
1466008199,49.7800,49.8777,49.7800,49.8350,232300
1466008498,49.7900,49.8400,49.7700,49.7801,302600
1466008740,49.7900,49.8050,49.7700,49.7900,154400
1466009043,49.8300,49.8300,49.7850,49.8000,238500
1466009344,49.8250,49.8600,49.8100,49.8200,250600
1466009641,49.7900,49.8300,49.7850,49.8250,161100
1466009940,49.7700,49.8400,49.7700,49.7946,502800
1466010241,49.7200,49.7900,49.7200,49.7700,545200
1466010541,49.7550,49.7700,49.6900,49.7300,245500
1466010899,49.7550,49.7900,49.7400,49.7501,179800
1466011197,49.7550,49.7600,49.7300,49.7500,372300
1466011498,49.7342,49.7700,49.7000,49.7550,293900
1466011799,49.7850,49.7900,49.7300,49.7350,201500
1466012098,49.8137,49.8400,49.7800,49.7800,226500
1466012340,49.8450,49.8500,49.7900,49.8100,148800
1466012640,49.8700,49.8800,49.8000,49.8470,271000
1466012943,49.9200,49.9450,49.8400,49.8800,183100
1466013298,49.9150,49.9500,49.9000,49.9250,221900
1466013599,49.9300,49.9900,49.9000,49.9025,244700
1466013899,50.0100,50.0600,49.9200,49.9500,541900
1466014199,49.9400,50.0450,49.9100,50.0200,743400
1466014440,49.8900,49.9664,49.8500,49.9400,349300
1466014799,49.9300,49.9750,49.8800,49.8900,330100
1466015040,49.8950,49.9400,49.8700,49.9350,217000
1466015340,49.8899,49.9250,49.8800,49.9000,182500
1466015641,49.9600,49.9850,49.8200,49.8800,1354000
1466015997,49.9650,50.0000,49.9400,49.9600,336900
1466016240,49.9800,49.9900,49.9300,49.9699,228700
1466016597,49.9800,50.0400,49.9600,49.9700,358400
1466016898,49.9050,49.9900,49.9000,49.9800,242700
1466017199,49.9500,49.9700,49.9000,49.9000,313000
1466017440,49.9650,49.9850,49.9400,49.9500,233300
1466017796,49.9800,49.9950,49.9450,49.9600,236400
1466018097,49.9550,49.9900,49.9200,49.9900,268200
1466018341,49.9250,49.9500,49.8600,49.9400,240700
1466018641,49.9900,50.0164,49.9200,49.9252,307000
1466018941,49.9800,50.0100,49.9400,49.9950,427000
1466019299,49.8900,49.9900,49.8900,49.9750,313600
1466019599,49.8000,49.9000,49.7800,49.8900,601600
1466019899,49.8000,49.8471,49.7750,49.8000,687200
1466020199,49.7399,49.8000,49.7200,49.7900,680200
1466020499,49.7150,49.7500,49.6900,49.7200,1053500
1466020740,49.7000,49.7800,49.6900,49.7100,7256500
1466020800,49.6900,49.6900,49.6900,49.6900,17700
1466084040,49.5800,49.6400,49.5100,49.5200,0
1466084394,49.5900,49.6750,49.5600,49.5900,568800
1466084699,49.6050,49.6200,49.5700,49.5900,313700
1466084999,49.7599,49.7600,49.5800,49.6000,535200
1466085299,49.7200,49.7700,49.6800,49.7500,436500
1466085599,49.6400,49.7300,49.6400,49.7100,335000
1466085899,49.6499,49.7000,49.6100,49.6450,315100
1466086140,49.6931,49.7600,49.6500,49.6500,620400
1466086441,49.6800,49.7100,49.6500,49.6900,326200
1466086799,49.6350,49.6800,49.6300,49.6700,404000
1466087099,49.6400,49.6600,49.6000,49.6350,380800
1466087399,49.7000,49.7050,49.6301,49.6400,333200
1466087699,49.6301,49.7000,49.6300,49.7000,561000
1466087999,49.6900,49.7000,49.6300,49.6400,358700
1466088299,49.7050,49.7400,49.6800,49.7000,610600
1466088599,49.6700,49.7400,49.6600,49.7050,320200
1466088841,49.7000,49.7100,49.6600,49.6700,369800
1466089140,49.6850,49.7100,49.6600,49.7000,146300
1466089499,49.7137,49.7250,49.6600,49.6800,351300
1466089741,49.7700,49.7800,49.6700,49.7100,405500
1466090099,49.8050,49.8100,49.7600,49.7800,352200
1466090341,49.8050,49.8300,49.7600,49.8000,312300
1466090699,49.8900,49.9000,49.7800,49.8100,332200
1466090999,49.9400,49.9700,49.8900,49.8900,441600
1466091240,49.9450,49.9900,49.9300,49.9500,611300
1466091540,49.9000,49.9500,49.9000,49.9500,220800
1466091899,49.9000,49.9400,49.8700,49.9100,325500
1466092199,49.9166,49.9300,49.8850,49.9100,245500
1466092499,49.9600,49.9600,49.8900,49.9200,211700
1466092798,49.9000,49.9800,49.9000,49.9700,290300
1466093099,49.9400,49.9600,49.8700,49.9000,247700
1466093397,49.9200,49.9600,49.9000,49.9459,125900
1466093699,49.8963,49.9300,49.8800,49.9300,282600
1466093999,50.0195,50.0200,49.8900,49.8950,358200
1466094299,50.0900,50.0900,49.9600,50.0300,356000
1466094592,50.1400,50.1900,50.0700,50.0900,350300
1466094899,50.1400,50.1800,50.1200,50.1500,244600
1466095199,50.2500,50.2800,50.1300,50.1450,252700
1466095498,50.2700,50.2850,50.2300,50.2500,373700
1466095797,50.2172,50.3000,50.2100,50.2800,397400
1466096041,50.2165,50.2400,50.1400,50.2200,286400
1466096399,50.2000,50.2400,50.1600,50.2200,171100
1466096640,50.1900,50.3200,50.1800,50.2100,292900
1466096999,50.2200,50.2300,50.1250,50.1900,253800
1466097240,50.2900,50.3500,50.1900,50.2210,550600
1466097540,50.3100,50.3350,50.2600,50.3000,192200
1466097840,50.2655,50.3350,50.2200,50.3200,235200
1466098199,50.2600,50.3500,50.2300,50.2700,262700
1466098499,50.2400,50.2900,50.1900,50.2600,199500
1466098740,50.3200,50.3250,50.2000,50.2400,198500
1466099093,50.2500,50.3400,50.2400,50.3300,237000
1466099340,50.1800,50.2700,50.1350,50.2600,281000
1466099697,50.1600,50.1900,50.1250,50.1800,195700
1466099940,50.1268,50.2000,50.1000,50.1700,245800
1466100299,50.2250,50.2400,50.1000,50.1300,325500
1466100598,50.2400,50.2700,50.2000,50.2300,248400
1466100899,50.3000,50.3600,50.2300,50.2400,333500
1466101140,50.3700,50.3800,50.3000,50.3100,188700
1466101499,50.2500,50.3800,50.2400,50.3800,329600
1466101798,50.1400,50.2900,50.1300,50.2600,353700
1466102097,50.1450,50.1900,50.1100,50.1500,334900
1466102340,50.1150,50.2050,50.1100,50.1500,257900
1466102640,50.1300,50.1500,50.1000,50.1150,292400
1466102940,50.1228,50.1500,50.0800,50.1400,509700
1466103298,50.2161,50.2200,50.0900,50.1300,452400
1466103540,50.2032,50.2600,50.1901,50.2200,359000
1466103899,50.2100,50.2600,50.2000,50.2100,232800
1466104196,50.2000,50.2300,50.1700,50.2150,262900
1466104442,50.2600,50.2800,50.2000,50.2100,225100
1466104799,50.3150,50.3600,50.2300,50.2600,373000
1466105099,50.3500,50.3800,50.2700,50.3150,408100
1466105399,50.4400,50.4700,50.3500,50.3600,476700
1466105643,50.4450,50.4600,50.3900,50.4500,484300
1466105999,50.3650,50.4600,50.3200,50.4500,397100
1466106293,50.3650,50.4000,50.3500,50.3650,371800
1466106597,50.3800,50.4300,50.3000,50.3600,742300
1466106899,50.3050,50.3700,50.2900,50.3700,695900
1466107199,50.3900,50.4400,50.3000,50.3100,1873900
1466107200,50.3900,50.3900,50.3900,50.3900,1490700
1466170441,50.1200,50.4200,50.1100,50.4100,0
1466170740,49.9800,50.1100,49.9300,50.1100,492900
1466171099,50.0100,50.0300,49.9500,49.9850,394300
1466171340,50.0500,50.0700,49.9600,50.0100,517300
1466171699,49.9600,50.0500,49.9500,50.0500,473800
1466171999,50.0550,50.0600,49.9600,49.9600,481800
1466172240,50.0300,50.0764,49.9800,50.0550,461600
1466172540,50.0900,50.0900,49.9800,50.0287,338500
1466172843,50.1550,50.2200,50.0900,50.0950,341400
1466173199,50.2200,50.2300,50.1150,50.1550,255600
1466173440,50.1400,50.2200,50.1150,50.2100,189400
1466173740,50.0500,50.1500,50.0400,50.1500,271500
1466174099,49.9900,50.0500,49.9300,50.0500,360400
1466174343,50.0200,50.0500,49.9700,49.9899,251700
1466174699,49.9662,50.0300,49.9500,50.0200,321500
1466174940,49.9968,50.0400,49.9600,49.9600,204000
1466175242,49.9599,49.9967,49.9200,49.9967,326400
1466175599,49.9135,49.9600,49.9000,49.9600,406000
1466175840,49.9000,49.9250,49.8700,49.9100,515900
1466176141,49.8850,49.9100,49.8500,49.8950,412700
1466176441,49.8800,49.9000,49.8200,49.8820,289300
1466176740,49.9700,49.9700,49.8500,49.8750,824900
1466177099,50.0000,50.0300,49.9500,49.9600,285600
1466177340,49.9200,50.0171,49.9000,50.0039,236900
1466177699,50.0050,50.0200,49.9000,49.9200,281200
1466177940,49.9830,50.0500,49.9830,50.0000,299600
1466178299,49.9800,50.0200,49.9700,49.9800,289800
1466178541,49.9900,50.0200,49.9700,49.9799,279400
1466178899,49.9700,50.0300,49.9600,49.9936,527000
1466179199,49.9700,49.9700,49.9150,49.9700,308500
1466179440,50.0000,50.0400,49.9650,49.9700,192100
1466179740,50.0650,50.0800,49.9900,50.0050,170200
1466180044,50.0641,50.1000,50.0400,50.0610,287500
1466180340,50.0640,50.1000,50.0600,50.0600,194700
1466180642,50.0450,50.0800,50.0350,50.0700,252400
1466180997,50.0455,50.0600,50.0100,50.0550,289200
1466181241,50.0500,50.0800,50.0400,50.0400,245500
1466181540,50.0200,50.0800,50.0200,50.0500,169600
1466181899,50.1099,50.1100,50.0200,50.0200,161900
1466182199,50.0500,50.1100,50.0400,50.1100,193900
1466182494,50.0400,50.0800,50.0200,50.0500,122800
1466182798,50.0450,50.0600,50.0150,50.0400,89600
1466183099,50.0000,50.0500,49.9600,50.0500,228500
1466183342,50.0999,50.0999,50.0000,50.0000,114800
1466183699,50.1810,50.1900,50.0900,50.0950,166300
1466183999,50.1834,50.2300,50.1700,50.1900,222300
1466184240,50.1800,50.2000,50.1401,50.1850,146600
1466184599,50.1700,50.2000,50.1660,50.1660,189800
1466184897,50.1750,50.2000,50.1600,50.1650,131600
1466185199,50.1900,50.2000,50.1500,50.1738,128600
1466185440,50.2450,50.2600,50.1800,50.1899,182400
1466185798,50.2200,50.2499,50.2100,50.2450,131900
1466186099,50.2259,50.2800,50.2200,50.2298,193700
1466186399,50.2450,50.2800,50.2200,50.2200,241800
1466186640,50.1800,50.2700,50.1700,50.2400,317600
1466186999,50.1750,50.1800,50.1100,50.1700,384200
1466187299,50.2199,50.2400,50.1700,50.1750,199700
1466187599,50.1850,50.2400,50.1750,50.2150,154100
1466187840,50.1800,50.2100,50.1500,50.1800,615700
1466188140,50.1800,50.2000,50.1650,50.1750,353100
1466188440,50.1850,50.2200,50.1324,50.1700,632900
1466188799,50.1400,50.2200,50.1200,50.1800,707400
1466189044,50.2050,50.2300,50.1350,50.1450,304300
1466189399,50.2000,50.2150,50.1750,50.2001,241900
1466189640,50.2100,50.2200,50.1850,50.1950,208600
1466189998,50.1600,50.2200,50.1400,50.2175,637300
1466190241,50.1200,50.1700,50.1000,50.1600,438600
1466190599,50.1200,50.1599,50.0900,50.1200,546000
1466190899,50.1100,50.1600,50.1000,50.1200,209900
1466191140,50.1252,50.1300,50.0950,50.1100,552600
1466191440,50.1450,50.1700,50.1100,50.1250,343400
1466191741,50.1600,50.1800,50.1440,50.1450,583000
1466192041,50.1800,50.2200,50.1450,50.1600,637300
1466192399,50.1550,50.1950,50.1300,50.1799,339400
1466192699,50.1600,50.1800,50.1200,50.1600,904200
1466192941,50.1659,50.1800,50.1300,50.1600,1298900
1466193240,50.1750,50.1800,50.1000,50.1650,510100
1466193599,50.1200,50.1800,50.1200,50.1700,1106300
1466193600,50.1300,50.1300,50.1300,50.1300,600
1466429699,50.7400,50.8200,50.6300,50.6900,0
1466429999,50.7300,50.8300,50.6050,50.7500,759800
1466430240,50.6900,50.7600,50.6700,50.7300,808000
1466430599,50.5900,50.7100,50.5800,50.6950,502300
1466430899,50.5850,50.6139,50.4800,50.6000,552500
1466431140,50.5950,50.6400,50.5200,50.5850,798700
1466431440,50.5900,50.6100,50.5200,50.5900,522100
1466431798,50.5500,50.6450,50.5500,50.5900,980300
1466432099,50.5400,50.5600,50.4900,50.5600,799000
1466432343,50.5300,50.5400,50.4900,50.5300,402400
1466432640,50.4900,50.5500,50.4900,50.5300,412200
1466432999,50.4710,50.5100,50.4700,50.4932,695500
1466433240,50.5000,50.5200,50.4600,50.4800,441800
1466433599,50.4900,50.5200,50.4800,50.5100,722800
1466433846,50.4950,50.5600,50.4800,50.4900,636600
1466434140,50.4550,50.5000,50.4500,50.5000,396200
1466434499,50.4600,50.5000,50.4300,50.4550,562100
1466434797,50.4850,50.5200,50.4420,50.4600,522800
1466435042,50.5000,50.5300,50.4800,50.4800,848200
1466435399,50.5550,50.5800,50.4900,50.5000,645200
1466435698,50.5901,50.6000,50.5100,50.5600,487400
1466435997,50.6600,50.6680,50.5900,50.5900,263000
1466436240,50.6800,50.6890,50.6001,50.6700,317000
1466436599,50.7100,50.7200,50.6800,50.6900,227200
1466436897,50.6700,50.7199,50.6600,50.7100,233800
1466437140,50.7150,50.7300,50.6700,50.6700,226700
1466437499,50.6000,50.7100,50.5900,50.7100,202100
1466437740,50.5400,50.6200,50.5100,50.5999,352400
1466438043,50.4885,50.5650,50.4800,50.5393,404400
1466438341,50.5500,50.5600,50.4600,50.4851,272700
1466438699,50.4750,50.5500,50.4750,50.5401,440900
1466438943,50.4400,50.4750,50.3700,50.4700,387400
1466439240,50.5000,50.5000,50.4300,50.4350,246200
1466439541,50.4761,50.5000,50.4300,50.5000,244200
1466439841,50.4350,50.4800,50.3700,50.4750,467300
1466440140,50.4700,50.4700,50.4100,50.4350,217100
1466440499,50.5700,50.5700,50.4600,50.4700,226900
1466440742,50.5250,50.5700,50.5100,50.5700,204200
1466441099,50.4950,50.5400,50.4900,50.5200,166400
1466441341,50.5334,50.5550,50.4900,50.4900,215900
1466441698,50.5500,50.5600,50.5300,50.5300,194400
1466441999,50.5500,50.5900,50.5100,50.5450,250200
1466442243,50.5100,50.5500,50.4700,50.5400,237900
1466442599,50.5700,50.5800,50.4700,50.5100,193100
1466442899,50.5000,50.5900,50.5000,50.5700,315400
1466443140,50.5600,50.5850,50.5000,50.5000,375200
1466443497,50.5950,50.6050,50.5500,50.5700,184500
1466443740,50.5600,50.6000,50.5300,50.5900,213700
1466444099,50.5250,50.5700,50.5100,50.5500,136600
1466444341,50.5700,50.5800,50.5100,50.5200,110100
1466444699,50.6400,50.6500,50.5600,50.5700,126200
1466444940,50.6300,50.6500,50.6200,50.6450,142800
1466445299,50.5900,50.6380,50.5800,50.6300,197900
1466445599,50.5950,50.6100,50.5800,50.5900,237700
1466445840,50.6150,50.6400,50.5500,50.5920,196300
1466446142,50.6000,50.6200,50.5600,50.6150,221900
1466446441,50.5300,50.6300,50.5300,50.5999,249000
1466446742,50.5500,50.5900,50.5350,50.5400,159800
1466447041,50.5400,50.5600,50.5100,50.5500,196200
1466447342,50.5500,50.5550,50.4950,50.5400,232400
1466447699,50.5700,50.5800,50.5300,50.5400,183200
1466447998,50.5300,50.5900,50.5200,50.5700,315400
1466448240,50.5601,50.5800,50.5200,50.5400,166200
1466448540,50.5950,50.5950,50.5400,50.5650,217200
1466448840,50.6000,50.6200,50.5350,50.5950,387800
1466449140,50.6050,50.6150,50.5700,50.5900,156600
1466449499,50.5400,50.6200,50.5300,50.6075,358100
1466449741,50.5200,50.5500,50.4700,50.5500,229300
1466450099,50.4400,50.5300,50.4300,50.5200,350200
1466450340,50.3600,50.4450,50.3200,50.4450,562000
1466450641,50.3352,50.3900,50.3050,50.3600,406100
1466450940,50.2700,50.3400,50.2500,50.3400,628300
1466451241,50.2250,50.3100,50.2100,50.2700,569900
1466451599,50.2600,50.2900,50.2200,50.2201,403000
1466451899,50.2500,50.3100,50.2050,50.2600,519200
1466452199,50.1300,50.2500,50.1000,50.2400,695000
1466452440,50.0300,50.1500,50.0300,50.1200,825500
1466452740,50.0700,50.1400,50.0300,50.0400,1396500
1466452800,50.0700,50.0700,50.0700,50.0700,2692500
1466516099,50.3800,50.3850,50.2000,50.2400,0
1466516340,50.4600,50.4900,50.3500,50.3800,645400
1466516699,50.6100,50.6400,50.4300,50.4600,476400
1466516999,50.6300,50.6400,50.5400,50.6200,664300
1466517298,50.6150,50.6450,50.5400,50.6300,533800
1466517599,50.6750,50.6800,50.6000,50.6200,324000
1466517899,50.5900,50.6750,50.5900,50.6750,500400
1466518140,50.6350,50.6900,50.5700,50.5800,720400
1466518440,50.7800,50.8000,50.6300,50.6300,292200
1466518799,50.8300,50.8400,50.7600,50.7800,705100
1466519040,50.7464,50.8700,50.7400,50.8400,950800
1466519398,50.8900,50.9000,50.7400,50.7450,379700
1466519641,50.9125,50.9200,50.8500,50.8900,406100
1466519941,50.9200,50.9200,50.8400,50.9200,385300
1466520243,50.9450,50.9600,50.8600,50.9150,518900
1466520540,50.9450,51.0500,50.8950,50.9473,803700
1466520840,50.8800,50.9400,50.8800,50.9400,286500
1466521199,50.9100,50.9100,50.8300,50.8900,375900
1466521442,51.0250,51.0400,50.8800,50.9050,326400
1466521798,51.0750,51.1300,51.0000,51.0300,421700
1466522098,51.0500,51.0900,51.0000,51.0800,272100
1466522399,51.0500,51.1000,51.0300,51.0500,235800
1466522699,50.9500,51.0600,50.9300,51.0550,317900
1466522943,50.9450,51.0050,50.9200,50.9550,235800
1466523299,50.9550,50.9650,50.9100,50.9360,221300
1466523541,51.0150,51.0300,50.9400,50.9500,267700
1466523899,51.0550,51.0700,51.0100,51.0100,207100
1466524145,51.0900,51.1300,51.0350,51.0500,387200
1466524496,51.0800,51.1000,51.0600,51.0900,243200
1466524798,51.1401,51.1800,51.0800,51.0850,254100
1466525043,51.1650,51.1650,51.0800,51.1450,154800
1466525399,51.0901,51.1700,51.0900,51.1650,197500
1466525640,51.1190,51.1200,51.0600,51.1000,168500
1466525999,51.2210,51.2300,51.1100,51.1150,201900
1466526241,51.2500,51.2510,51.1900,51.2200,422600
1466526596,51.2350,51.2600,51.1900,51.2550,193600
1466526899,51.1100,51.2500,51.1000,51.2400,312900
1466527141,51.0750,51.1200,51.0750,51.1150,266800
1466527440,51.0550,51.0850,51.0500,51.0750,255500
1466527743,51.0750,51.0800,51.0300,51.0600,212700
1466528099,51.0700,51.0800,51.0300,51.0800,326400
1466528395,51.0550,51.0800,51.0350,51.0650,241400
1466528699,51.0850,51.1200,51.0500,51.0500,211300
1466528999,51.1300,51.1500,51.0800,51.0800,216900
1466529243,51.1100,51.1300,51.0700,51.1300,257800
1466529597,51.1900,51.2000,51.1100,51.1150,312500
1466529897,51.1600,51.1850,51.1400,51.1800,297600
1466530198,51.1900,51.2000,51.1400,51.1501,235900
1466530440,51.0900,51.1900,51.0900,51.1800,282100
1466530741,51.0400,51.1500,51.0100,51.0900,406800
1466531096,51.0950,51.1000,51.0339,51.0400,260200
1466531341,51.0552,51.1100,51.0400,51.0900,231100
1466531640,51.1200,51.1200,51.0400,51.0550,123500
1466531942,51.1536,51.1600,51.1200,51.1200,250400
1466532298,51.1300,51.1700,51.1100,51.1550,196600
1466532540,51.1800,51.2150,51.1250,51.1300,243100
1466532899,51.2200,51.2200,51.1600,51.1800,460500
1466533140,51.2000,51.2400,51.1950,51.2200,262600
1466533445,51.1999,51.2100,51.1400,51.2050,275200
1466533741,51.2200,51.2400,51.1900,51.2000,175700
1466534040,51.2200,51.2400,51.1800,51.2200,232300
1466534341,51.2789,51.3100,51.2100,51.2200,415500
1466534643,51.2701,51.2900,51.2300,51.2750,263200
1466534942,51.2700,51.3000,51.2500,51.2800,374800
1466535241,51.2600,51.3000,51.2200,51.2700,209300
1466535541,51.2400,51.2900,51.2330,51.2550,551500
1466535897,51.1851,51.2600,51.1700,51.2300,592000
1466536199,51.1900,51.1900,51.1200,51.1500,302400
1466536443,51.2350,51.2600,51.1800,51.1900,420700
1466536799,51.3650,51.3900,51.2369,51.2369,516600
1466537097,51.3500,51.3800,51.3000,51.3700,336900
1466537395,51.4250,51.4300,51.3400,51.3450,402700
1466537641,51.3210,51.4100,51.3000,51.4050,513600
1466537942,51.3850,51.4000,51.3000,51.3200,597900
1466538240,51.3300,51.4000,51.2900,51.3900,549000
1466538599,51.3050,51.4000,51.3000,51.3250,825900
1466538842,51.2400,51.3100,51.2400,51.2950,976100
1466539140,51.1900,51.3200,51.1800,51.2500,5079200
1466539200,51.1900,51.1900,51.1900,51.1900,0
1466602499,51.2700,51.3000,51.0600,51.1900,0
1466602799,51.3250,51.3700,51.2600,51.2700,514700
1466603099,51.3700,51.4600,51.3200,51.3200,532800
1466603340,51.2750,51.3801,51.2400,51.3600,382700
1466603699,51.2750,51.3400,51.2500,51.2785,279100
1466603999,51.3350,51.3400,51.2600,51.2750,610200
1466604242,51.2400,51.3500,51.2400,51.3300,388500
1466604542,51.1600,51.2700,51.1200,51.2500,424400
1466604840,51.1650,51.1900,51.1550,51.1600,422900
1466605199,51.1600,51.1850,51.1100,51.1672,457300
1466605440,51.1550,51.1700,51.1300,51.1600,265000
1466605740,51.1750,51.1900,51.1500,51.1600,359200
1466606040,51.2400,51.2500,51.1300,51.1750,570600
1466606398,51.2150,51.3000,51.2100,51.2436,404400
1466606699,51.2550,51.2700,51.1900,51.2150,231700
1466606999,51.2033,51.2590,51.2000,51.2565,181900
1466607240,51.2100,51.2350,51.2000,51.2100,195700
1466607540,51.3050,51.3050,51.2000,51.2100,405400
1466607898,51.2450,51.3100,51.2300,51.3100,612900
1466608142,51.2400,51.2500,51.2100,51.2450,262200
1466608499,51.2285,51.3050,51.2100,51.2488,355700
1466608798,51.2650,51.2750,51.2150,51.2200,167900
1466609099,51.2673,51.3300,51.2500,51.2650,210700
1466609343,51.2636,51.3000,51.2500,51.2600,155200
1466609695,51.2158,51.2600,51.2000,51.2600,433300
1466609941,51.2199,51.2250,51.2000,51.2100,161500
1466610240,51.2150,51.2350,51.2000,51.2100,234000
1466610542,51.2100,51.2300,51.2000,51.2131,383600
1466610841,51.2000,51.2200,51.2000,51.2100,281300
1466611199,51.2135,51.2200,51.2000,51.2000,285100
1466611441,51.2300,51.2350,51.2050,51.2200,158300
1466611740,51.2600,51.2600,51.2100,51.2299,190900
1466612041,51.2150,51.2800,51.2100,51.2500,161000
1466612399,51.2100,51.2400,51.2000,51.2130,237800
1466612699,51.0800,51.2200,51.0800,51.2100,594500
1466612998,51.0337,51.0800,51.0000,51.0800,405400
1466613299,51.0250,51.0700,50.9900,51.0350,291400
1466613599,51.0400,51.0700,51.0100,51.0200,158900
1466613840,51.0600,51.1100,51.0300,51.0400,191600
1466614199,51.1200,51.1250,51.0500,51.0669,185500
1466614499,51.1750,51.2000,51.1299,51.1299,204400
1466614745,51.2397,51.2600,51.1700,51.1701,238900
1466615096,51.1500,51.2350,51.1300,51.2350,290700
1466615343,51.0100,51.1550,51.0050,51.1400,315900
1466615699,51.0443,51.0600,50.9900,51.0000,244900
1466615940,51.0800,51.0900,51.0050,51.0476,270700
1466616243,51.0800,51.1200,51.0400,51.0800,182000
1466616598,51.1400,51.1600,51.0700,51.0742,196900
1466616897,51.1400,51.1600,51.0900,51.1400,172200
1466617140,51.1200,51.1400,51.0656,51.1400,125300
1466617445,51.1663,51.1700,51.1000,51.1230,162000
1466617740,51.1600,51.1900,51.1400,51.1637,157900
1466618043,51.2550,51.2700,51.1700,51.1700,229300
1466618340,51.2100,51.2800,51.2000,51.2600,149200
1466618642,51.2100,51.2450,51.2000,51.2137,167800
1466618942,51.1900,51.2700,51.1600,51.2142,346600
1466619299,51.2100,51.2250,51.1900,51.1900,135800
1466619543,51.1659,51.2300,51.1600,51.2101,213500
1466619899,51.1452,51.1700,51.1100,51.1650,224100
1466620140,51.1700,51.2100,51.1400,51.1400,240700
1466620496,51.1550,51.2100,51.1200,51.1700,206500
1466620741,51.1100,51.1599,51.1000,51.1550,204000
1466621046,51.0900,51.1300,51.0800,51.1100,328400
1466621340,51.0750,51.0900,51.0100,51.0800,359900
1466621642,51.1000,51.1300,51.0500,51.0750,223000
1466621941,51.1800,51.1800,51.1000,51.1100,143300
1466622243,51.1800,51.2199,51.1250,51.1700,202500
1466622598,51.0750,51.2000,51.0700,51.1800,280600
1466622896,51.0886,51.1288,51.0500,51.0700,220600
1466623141,51.0700,51.1500,51.0700,51.0800,267900
1466623444,51.0600,51.0800,51.0400,51.0700,426500
1466623741,51.0500,51.1000,51.0400,51.0600,368100
1466624099,51.1150,51.1200,51.0400,51.0500,295600
1466624398,51.1250,51.1400,51.0300,51.1164,384000
1466624641,51.0700,51.1364,51.0600,51.1250,451400
1466624940,51.0650,51.1100,50.9900,51.0735,542000
1466625240,51.0700,51.0700,50.9600,51.0600,567400
1466625540,51.0000,51.0700,50.9525,51.0700,5353300
1466625600,50.9900,50.9900,50.9900,50.9900,0
1466688899,51.4000,51.4800,51.1800,51.2800,0
1466689140,51.3600,51.4299,51.3300,51.3900,495600
1466689499,51.3000,51.4100,51.2800,51.3500,428300
1466689740,51.3900,51.4000,51.3100,51.3100,354500
1466690041,51.3100,51.4300,51.2900,51.3900,495900
1466690399,51.4800,51.4900,51.3000,51.3000,315100
1466690640,51.6300,51.6775,51.4000,51.4800,627300
1466690999,51.5850,51.6400,51.5000,51.6250,339500
1466691299,51.5550,51.6150,51.5500,51.5800,244400
1466691599,51.5301,51.6100,51.5100,51.5600,285300
1466691840,51.6400,51.6400,51.5390,51.5400,188800
1466692199,51.5900,51.7200,51.5800,51.6400,425000
1466692499,51.5300,51.6100,51.5000,51.5950,288300
1466692740,51.5050,51.5600,51.5001,51.5200,216000
1466693040,51.5936,51.5950,51.5050,51.5100,200600
1466693342,51.6600,51.6600,51.5600,51.5901,230600
1466693640,51.7900,51.7900,51.6500,51.6600,297400
1466693940,51.8200,51.8600,51.7500,51.7900,598600
1466694241,51.8700,51.8900,51.8000,51.8050,292700
1466694593,51.8727,51.9100,51.8600,51.8700,258700
1466694899,51.9240,51.9400,51.8600,51.8700,302100
1466695198,51.9401,51.9900,51.9300,51.9300,316300
1466695499,51.9200,51.9600,51.9200,51.9400,236900
1466695741,51.9650,51.9700,51.9200,51.9210,301900
1466696099,52.0000,52.0000,51.9600,51.9700,318800
1466696342,51.9975,52.0600,51.9900,52.0000,508800
1466696641,52.0000,52.0200,51.9601,51.9950,231700
1466696999,51.9700,52.0100,51.9500,52.0000,250400
1466697299,51.9650,51.9900,51.9600,51.9700,259900
1466697540,52.0000,52.0000,51.9600,51.9700,224300
1466697840,51.9900,52.0500,51.9800,51.9962,201100
1466698198,51.9600,52.0000,51.9600,51.9899,124800
1466698498,51.9750,51.9800,51.9500,51.9650,180200
1466698799,51.9700,51.9900,51.9400,51.9700,169500
1466699044,51.9650,51.9800,51.9400,51.9700,175300
1466699340,51.9600,51.9900,51.9600,51.9700,115300
1466699643,51.9230,51.9700,51.9200,51.9650,212400
1466699998,51.9700,51.9800,51.9240,51.9240,176100
1466700299,51.9300,51.9800,51.9200,51.9700,222200
1466700595,51.9200,51.9500,51.8900,51.9300,206100
1466700841,51.9300,51.9700,51.9150,51.9150,187500
1466701140,51.9500,51.9500,51.9100,51.9300,127500
1466701440,51.9400,51.9600,51.9300,51.9500,202500
1466701799,51.9400,51.9500,51.9000,51.9400,152200
1466702040,51.9300,51.9500,51.9200,51.9400,149300
1466702399,51.9500,51.9600,51.8800,51.9350,226600
1466702697,51.9300,51.9700,51.9300,51.9300,179000
1466702943,51.9150,51.9300,51.9000,51.9300,158200
1466703241,51.9050,51.9300,51.9000,51.9200,138900
1466703542,51.8700,51.9100,51.8600,51.9000,189200
1466703899,51.8750,51.8800,51.8400,51.8650,273300
1466704199,51.8701,51.9100,51.8600,51.8700,166200
1466704443,51.8700,51.8800,51.8400,51.8700,278000
1466704741,51.8800,51.8800,51.8500,51.8650,232300
1466705040,51.8550,51.8900,51.8400,51.8800,272700
1466705343,51.8200,51.8700,51.7900,51.8600,340000
1466705642,51.8300,51.8700,51.8200,51.8300,345600
1466705946,51.8350,51.8600,51.8200,51.8340,178600
1466706240,51.8150,51.8550,51.8100,51.8400,228500
1466706597,51.7550,51.8200,51.7500,51.8150,270800
1466706840,51.7800,51.7900,51.7400,51.7500,253000
1466707198,51.7740,51.7850,51.7600,51.7800,219900
1466707440,51.7735,51.7900,51.7600,51.7800,216500
1466707740,51.8200,51.8500,51.7600,51.7700,318100
1466708040,51.8300,51.8466,51.8000,51.8150,161400
1466708344,51.7900,51.8500,51.7900,51.8300,126300
1466708640,51.7550,51.8000,51.7500,51.7950,179500
1466708999,51.7490,51.7700,51.7400,51.7600,205300
1466709241,51.8000,51.8100,51.7300,51.7500,199800
1466709598,51.7750,51.8100,51.7600,51.8050,228900
1466709845,51.7300,51.7900,51.7200,51.7700,271600
1466710140,51.7200,51.7500,51.7200,51.7300,218500
1466710498,51.7300,51.7800,51.7200,51.7200,374200
1466710740,51.7550,51.7600,51.7200,51.7350,527900
1466711040,51.8050,51.8200,51.7000,51.7500,611400
1466711340,51.8300,51.9000,51.7900,51.8100,748900
1466711699,51.9300,51.9400,51.8350,51.8400,973400
1466711940,51.9000,51.9400,51.8400,51.9250,2027500
1466712000,51.9100,51.9100,51.9100,51.9100,217200
1466775241,50.0600,50.0600,49.7900,49.7900,0
1466775540,50.2900,50.3450,49.9900,50.0400,1352200
1466775899,50.5739,50.6700,50.2700,50.2958,1351700
1466776140,50.4550,50.5700,50.2500,50.5700,1147400
1466776442,50.5000,50.5000,50.3000,50.4500,1227200
1466776740,50.6800,50.7600,50.4800,50.5000,1414200
1466777099,50.8600,50.9400,50.5900,50.6800,1211200
1466777340,50.8050,50.8800,50.6700,50.8650,870200
1466777699,50.6400,50.9000,50.6250,50.8100,813000
1466777999,50.4500,50.6600,50.4500,50.6427,784000
1466778240,50.4750,50.5200,50.3550,50.4500,750500
1466778541,50.4000,50.4900,50.2900,50.4750,617400
1466778840,50.2950,50.4600,50.2900,50.4000,579300
1466779196,50.4550,50.4700,50.2700,50.2900,503300
1466779440,50.4400,50.4700,50.3000,50.4532,511400
1466779799,50.3750,50.4500,50.3350,50.4500,482300
1466780042,50.4400,50.4500,50.2900,50.3800,574500
1466780340,50.2600,50.5200,50.2500,50.4485,578100
1466780699,50.2050,50.3500,50.1900,50.2650,652400
1466780940,50.2300,50.2550,50.1100,50.2150,468500
1466781299,50.2200,50.2650,50.1600,50.2300,503300
1466781542,50.0901,50.2300,50.0800,50.2200,828500
1466781899,49.9900,50.1150,49.9850,50.0952,1015400
1466782199,50.0900,50.1200,49.9500,49.9990,483000
1466782496,50.0300,50.1800,50.0100,50.0800,633800
1466782680,50.0199,50.0900,50.0000,50.0300,320400
