1465565699,226.8780,227.4000,225.7200,227.3900,447500
1465565943,226.3100,226.8800,225.5000,226.6601,176500
1465566241,226.4600,226.6800,225.2650,226.3000,138200
1465566545,226.5816,227.3000,226.0692,226.4200,106200
1465566843,227.1550,227.2000,225.8800,226.4700,92100
1465567145,227.3600,227.9300,226.8200,227.2400,94700
1465567496,226.4000,227.9700,226.3300,227.3200,107300
1465567740,225.2000,226.4100,225.0400,226.3300,139100
1465568041,225.3600,225.4500,224.5700,225.1600,152300
1465568341,224.8100,225.4400,224.5600,225.3800,66800
1465568641,224.6000,224.8800,224.2400,224.7500,89100
1465568940,224.0308,224.7900,223.8400,224.5600,122100
1465569240,224.3600,224.6500,223.8490,223.9605,70900
1465569544,224.1600,224.5300,224.1000,224.3950,65500
1465569843,223.1600,224.1799,223.1200,224.0900,111300
1465570140,222.5500,223.1500,222.3000,223.1500,142600
1465570442,222.0900,222.9000,222.0900,222.4950,101200
1465570799,222.7200,222.7900,222.0200,222.1300,107100
1465571097,222.2700,222.7800,221.7900,222.7200,93100
1465571399,222.0620,222.6199,221.9000,222.3199,72500
1465571699,222.1750,222.2500,221.3400,222.1050,147400
1465571999,223.0400,223.0400,222.0000,222.1800,116600
1465572295,222.4500,223.0400,222.3900,222.9600,61700
1465572599,222.2000,222.7700,222.1300,222.5820,55900
1465572840,222.2100,222.4900,222.0801,222.2000,51200
1465573140,222.2000,222.6500,222.0800,222.1500,64300
1465573440,222.0500,222.3000,221.6900,222.0800,84500
1465573740,222.7600,222.8500,221.9000,222.2000,74200
1465574045,222.1782,222.7900,222.1190,222.7400,29000
1465574347,222.5200,222.6700,222.1700,222.1700,28500
1465574643,223.0900,223.2800,222.5500,222.5500,78200
1465574999,222.7200,223.0000,222.1999,223.0000,64900
1465575297,222.3699,222.7500,222.0000,222.7300,36900
1465575543,222.1100,222.6600,222.1100,222.3500,22700
1465575848,222.3600,222.8000,222.1000,222.1000,41800
1465576150,222.6370,222.6800,222.2500,222.3400,18500
1465576442,222.5000,223.0400,222.3500,222.6600,69400
1465576744,222.4870,222.7200,222.3220,222.4743,25800
1465577083,222.5041,222.7300,222.3000,222.4950,28700
1465577341,222.3000,222.7300,222.3000,222.5033,14800
1465577647,222.1200,222.3500,221.6900,222.3101,65700
1465577999,221.9364,222.1524,221.7700,222.1300,29400
1465578257,221.7500,222.0763,221.7500,221.9588,30300
1465578545,221.2001,221.7500,221.1600,221.7500,51100
1465578846,221.0400,221.4200,221.0100,221.2599,42800
1465579144,221.4682,221.6100,220.8100,221.0650,52000
1465579453,221.1032,221.4300,220.8500,221.4200,41400
1465579742,220.6300,221.1000,220.5600,221.0000,43700
1465580047,220.1300,220.7400,220.0100,220.5700,74800
1465580341,220.0000,220.1100,219.7010,220.0200,120300
1465580656,219.9500,220.3000,219.9300,220.0360,54400
1465580944,219.5650,219.9300,219.3000,219.9200,80900
1465581240,219.0000,219.6899,218.9400,219.6400,78700
1465581540,219.4800,219.6400,218.9700,218.9700,43100
1465581842,219.7575,219.8300,219.3100,219.3800,50100
1465582142,219.2000,219.7125,218.4217,219.7050,147000
1465582499,219.4400,219.8000,219.1519,219.3299,54900
1465582740,219.3599,219.8299,219.1500,219.4400,32400
1465583040,219.7625,219.8500,219.1700,219.1700,27100
1465583348,219.5300,219.8050,219.5300,219.7900,29700
1465583644,219.9700,220.0500,219.4600,219.5300,59900
1465583941,220.3650,220.5000,219.9400,219.9400,49900
1465584241,220.2100,220.6650,220.1800,220.4188,35100
1465584553,220.3800,220.4900,219.8510,220.2100,42800
1465584844,220.2100,220.3900,219.7800,220.3000,27300
1465585155,220.0000,220.3700,219.8833,220.3000,19600
1465585455,219.7900,219.9700,219.6700,219.9101,21100
1465585743,219.8000,219.9200,219.6200,219.7400,24200
1465586045,219.7300,219.9200,219.6300,219.8900,36400
1465586340,220.0125,220.1500,219.7400,219.7800,26000
1465586645,219.8100,220.0500,219.7400,220.0200,26800
1465586941,220.0097,220.0130,219.7000,219.9099,47400
1465587245,220.0700,220.3462,219.9200,220.0300,66500
1465587543,219.9000,220.1900,219.6600,220.1200,33800
1465587899,219.7008,219.9299,219.6500,219.9299,55600
1465588141,219.7000,219.8950,219.6600,219.7200,74400
1465588443,218.6300,219.7200,218.5611,219.6600,226100
1465588799,218.8000,219.0000,218.4400,218.6300,251700
1465588800,218.8000,218.8000,218.8000,218.8000,100
1465824842,221.2799,221.8200,219.5000,220.5900,0
1465825140,222.6875,223.4600,220.9401,221.1372,221300
1465825440,223.4112,224.1800,222.4000,223.0460,163700
1465825799,224.8950,224.9900,223.2400,223.4300,169000
1465826097,224.5750,225.1000,224.0900,224.8486,195900
1465826399,223.9900,224.5800,223.5600,224.5500,89600
1465826640,224.9800,225.7700,223.8201,223.8900,125900
1465826944,224.7600,225.4500,224.7400,225.0000,59200
1465827298,224.2000,224.9700,224.1100,224.7000,57800
1465827543,224.3200,224.7900,224.1100,224.1900,43400
1465827851,224.0350,224.4750,223.5600,224.2100,56900
1465828142,223.9800,224.4000,223.7000,224.0000,33200
1465828440,224.9300,225.2000,224.0300,224.0300,66300
1465828787,224.5300,225.1630,224.5300,224.9900,33400
1465829040,224.8100,224.8200,224.4000,224.5000,34400
1465829398,224.6600,225.1699,224.4500,224.8900,36300
1465829643,224.3100,224.8200,224.1800,224.6190,52400
1465829940,223.9900,224.5600,223.7400,224.4000,45100
1465830242,223.9014,224.2380,223.4100,223.9500,47200
1465830547,223.5000,223.9800,223.3300,223.9800,23400
1465830840,222.9100,223.7400,222.7900,223.5200,51700
1465831143,222.9055,223.0799,222.5800,222.8474,47000
1465831441,223.2600,223.3400,222.7000,222.8600,44200
1465831799,223.7400,223.7500,223.1201,223.2800,39300
1465832042,223.2300,224.0000,223.2300,223.6524,26500
1465832393,223.0200,223.4900,222.9800,223.2100,25100
1465832646,223.1300,223.2600,222.9301,223.0000,18200
1465832955,223.2000,223.3200,222.9900,223.2056,26400
1465833251,222.5600,223.1754,222.4501,223.1754,35100
1465833543,222.4771,222.7448,222.3500,222.5477,36600
1465833848,221.6900,222.5200,221.6900,222.4300,103800
1465834146,221.1100,221.8500,221.1000,221.7800,204500
1465834440,221.2500,221.4786,220.9600,221.0700,35400
1465834740,220.6600,221.4900,220.6200,221.2900,49900
1465835043,220.2780,220.7500,220.2200,220.6700,66800
1465835341,219.9300,220.3900,219.3700,220.3100,78400
1465835641,220.0499,220.2399,219.6700,219.9450,27800
1465835943,220.4445,220.5500,220.0600,220.0600,24600
1465836242,220.6100,220.8000,220.2800,220.4900,46000
1465836597,220.0590,220.7100,219.9500,220.6200,33900
1465836847,220.0200,220.3200,219.9150,219.9150,16900
1465837152,219.9100,220.3100,219.9100,220.0799,15400
1465837441,219.3900,220.1699,219.2601,219.9200,50700
1465837744,219.6900,219.7300,219.1501,219.3800,37900
1465838047,219.7300,220.0000,219.5400,219.6000,23400
1465838342,219.4499,219.7500,219.2800,219.6500,13100
1465838642,219.5800,219.9061,219.3850,219.4500,12900
1465838948,219.7965,219.9299,219.3300,219.3400,17700
1465839240,220.2300,220.2300,219.5670,219.7050,33800
1465839553,219.5100,220.1990,219.3500,220.1000,24100
1465839840,219.9100,219.9300,219.2300,219.4400,33500
1465840149,219.5000,219.8600,219.5000,219.8600,8500
1465840440,219.1631,219.5300,219.0500,219.5000,22900
1465840740,219.4730,219.6000,219.0701,219.2800,39600
1465841044,219.5800,219.8699,219.4733,219.5800,31900
1465841346,219.7100,219.8500,219.5100,219.5800,20200
1465841641,219.9100,219.9699,219.6301,219.6800,13600
1465841945,219.8700,220.1000,219.7000,219.9000,46500
1465842289,219.7267,219.9575,219.4800,219.8800,21800
1465842540,219.3700,219.8000,219.2700,219.8000,33300
1465842894,219.3600,219.6700,219.2650,219.4100,13300
1465843140,219.3000,219.7400,219.2500,219.4300,26700
1465843453,219.6100,219.7100,219.2400,219.2840,20000
1465843742,219.1400,219.6787,219.1000,219.6787,24400
1465844050,218.8965,219.2100,218.6600,219.2000,61600
1465844340,218.5900,218.8800,218.5000,218.8400,35300
1465844687,218.8800,219.1400,218.5000,218.5700,30000
1465844947,218.6175,219.0100,218.3642,218.8600,35100
1465845248,218.3380,218.8300,218.2600,218.6500,33100
1465845540,218.6400,218.6600,218.2500,218.3580,28700
1465845899,218.6900,218.8989,218.6272,218.6499,29900
1465846141,218.6100,218.8978,218.4200,218.6928,28400
1465846498,218.5750,218.7500,218.4500,218.5200,21900
1465846747,218.2900,218.7000,218.2700,218.6300,23800
1465847098,217.7101,218.3100,217.7063,218.3100,73900
1465847341,218.0200,218.1100,217.7100,217.7100,68200
1465847699,218.1200,218.1200,217.6600,217.9300,68100
1465847940,217.8600,218.1700,217.6600,218.1200,236300
1465848000,217.8700,217.8700,217.8700,217.8700,0
1465911241,220.8111,221.0900,218.8800,218.8800,0
1465911545,221.0150,222.2000,220.2200,220.4308,114700
1465911899,220.9299,221.7100,220.5000,220.5700,55300
1465912140,220.2000,220.9299,219.6800,220.9299,61600
1465912440,219.5000,220.3588,219.0200,220.2000,47500
1465912746,220.2500,220.2784,219.5000,219.7000,35900
1465913040,220.7900,220.9900,220.0267,220.2900,60300
1465913342,219.9600,220.8800,219.9300,220.7000,48700
1465913653,219.8770,220.3250,219.7180,220.1300,33600
1465913953,219.2280,219.7800,219.0201,219.7300,50600
1465914269,219.2200,219.5489,218.7008,218.7480,27700
1465914589,219.2750,219.3900,218.8232,219.0900,17100
1465914877,219.5700,219.9400,219.1900,219.3800,31700
1465915145,219.1350,219.7699,218.7500,219.7699,28800
1465915497,218.8100,219.1700,218.6700,219.1700,34600
1465915794,217.8414,218.7700,217.5800,218.7700,70000
1465916091,217.9200,218.0500,217.7000,217.9799,27200
1465916399,217.8800,217.9400,217.1100,217.9400,53900
1465916644,217.8899,217.8899,217.4600,217.8000,29700
1465916947,217.9400,218.0000,217.5600,217.8600,32400
1465917241,217.7092,217.8700,217.5300,217.8300,49700
1465917599,217.2000,217.7300,216.8000,217.6100,81200
1465917843,217.1000,217.4599,216.9000,217.0400,24900
1465918144,216.4730,217.2099,216.3700,217.2099,50100
1465918440,217.0400,217.1100,216.0100,216.4500,74300
1465918680,217.3724,217.5900,217.1400,217.2970,36000
1465919043,217.5700,217.8536,217.2600,217.4350,25000
1465919348,217.5999,217.7499,217.4000,217.5772,12700
1465919699,217.1299,217.3487,216.7500,217.3487,27100
1465919951,216.1900,217.1299,216.1800,217.0300,22400
1465920248,216.7500,216.7800,216.2000,216.2000,23800
1465920563,216.5300,216.6100,216.2600,216.6100,11100
1465920840,217.0000,217.0500,216.5445,216.5445,17000
1465921145,216.8733,217.2200,216.8733,217.0800,11000
1465921441,217.0500,217.1700,216.9001,217.0100,15500
1465921799,218.1500,218.4200,217.1000,217.1600,43100
1465922094,217.3500,218.2300,217.2200,218.0601,26300
1465922350,217.2299,217.3889,217.0120,217.3300,12000
1465922651,217.0000,217.3500,216.9300,217.2300,21100
1465922941,217.1972,217.4900,216.8650,217.0300,18100
1465923250,217.2700,217.3800,217.1100,217.1993,5600
1465923542,216.9500,217.2300,216.7350,217.2000,17800
1465923899,217.0552,217.0882,216.6830,216.8915,14700
1465924199,216.7700,217.1400,216.7700,217.0000,6400
1465924441,216.3062,216.9000,216.1300,216.9000,29300
1465924741,216.4297,216.5599,216.0800,216.2900,31000
1465925047,216.6200,216.6800,216.3200,216.3300,18100
1465925345,216.0800,216.6900,216.0800,216.6000,25200
1465925661,216.7500,216.7500,216.1500,216.1500,9900
1465925940,216.3679,216.7390,216.3679,216.6700,8000
1465926262,215.3900,216.4582,215.3900,216.4582,104800
1465926542,214.3500,215.8399,214.3500,215.4600,159300
1465926843,214.6150,215.1000,214.2600,214.3500,58700
1465927144,214.5900,214.9700,214.4200,214.5950,30500
1465927490,214.6300,214.7500,214.2701,214.5000,46600
1465927799,214.6800,214.8400,214.4000,214.7000,29800
1465928040,215.1000,215.1900,214.4000,214.6100,53700
1465928395,214.9200,215.3500,214.5900,215.1300,67100
1465928650,215.1899,215.1899,214.6900,214.9500,29300
1465928941,214.8500,215.0600,214.6400,215.0600,47700
1465929298,214.3600,214.8850,214.1800,214.7896,44600
1465929540,213.8600,214.3000,213.4900,214.1900,53800
1465929842,213.7600,214.0800,213.5000,213.8500,39700
1465930145,213.2300,214.0690,213.1800,213.7275,66200
1465930448,212.8600,213.4300,212.7500,213.2838,61900
1465930745,212.8001,213.2000,212.5300,212.7900,49200
1465931041,213.3000,213.3000,212.6000,212.8100,47700
1465931398,213.1050,213.5000,212.9440,213.4000,52300
1465931646,213.3116,213.3900,212.8000,213.2300,43300
1465931940,213.9700,214.3400,213.3000,213.3000,67500
1465932299,214.1801,214.3400,213.7301,213.9000,40500
1465932541,214.8000,214.8000,214.1100,214.2200,40600
1465932897,215.1392,215.2500,214.3500,214.6700,62300
1465933140,214.9300,215.1299,214.5400,215.0985,42800
1465933498,215.2100,215.4900,214.8801,214.9000,56300
1465933799,214.8700,215.3500,214.7500,215.2200,70400
1465934040,214.8800,215.3800,214.7700,214.9000,83700
1465934340,214.9500,215.0900,214.5050,214.9500,234600
1465934400,214.9600,214.9600,214.9600,214.9600,0
1465997699,216.6372,217.9900,215.5700,216.9500,0
1465997941,215.9000,216.7500,215.6040,216.6050,72800
1465998241,215.7000,216.5900,215.5550,215.7001,46200
1465998540,215.9630,216.0400,215.1300,215.8900,66600
1465998840,216.2810,216.8500,215.6100,215.8300,59300
1465999199,216.5200,216.5200,215.8000,216.2900,31100
1465999460,217.4499,217.4700,216.3700,216.3700,58800
1465999742,218.1700,218.5100,217.4500,217.4700,103900
1466000098,218.3500,218.5450,218.0000,218.1949,55100
1466000397,217.7300,218.2700,217.4800,218.2624,55200
1466000663,217.7699,218.1500,217.6701,217.6900,31300
1466000940,217.3100,217.7500,217.1100,217.6100,29000
1466001241,218.0979,218.1099,217.5000,217.5000,25300
1466001597,218.3850,218.4900,218.0300,218.0600,29500
1466001842,218.0600,218.3900,217.8270,218.3500,15700
1466002140,218.1799,218.3899,217.9600,218.0300,16500
1466002441,218.6301,218.7900,217.9500,218.1900,37000
1466002740,219.1250,219.2000,218.5871,218.7100,41900
1466003044,218.8800,219.3500,218.8000,219.0600,34500
1466003399,219.2100,219.3200,218.8900,218.9000,44600
1466003640,220.0400,220.0600,219.1100,219.1600,58400
1466003998,219.8389,220.4749,219.7800,220.0000,38600
1466004248,219.6401,219.9210,219.5800,219.7800,16700
1466004599,219.2100,219.9300,219.2100,219.8100,44800
1466004853,219.3700,219.3700,218.8611,219.1300,31200
1466005146,219.7201,220.0600,219.2700,219.2800,28800
1466005441,220.2001,220.5000,219.8040,219.8040,36600
1466005745,220.5450,220.6900,219.9400,220.3300,36900
1466006096,220.7800,220.9000,220.3100,220.5420,21600
1466006399,220.8870,220.9900,220.6501,220.7134,29500
1466006643,220.6200,220.9900,220.3400,220.8950,16300
1466006940,220.4600,220.8100,220.4600,220.6960,9000
1466007249,220.1900,220.4999,219.9300,220.4600,23700
1466007560,220.4000,220.5000,220.2200,220.2500,17900
1466007849,220.5840,220.8300,220.4400,220.4400,17700
1466008143,220.4100,220.6800,220.1100,220.6000,13400
1466008492,220.3550,220.6200,220.1700,220.4900,14500
1466008795,220.6900,220.7300,220.4800,220.4800,15700
1466009056,220.7100,220.7600,220.5100,220.6000,15300
1466009398,221.3100,221.8200,220.6200,220.7600,83900
1466009698,221.6700,221.7100,220.9688,221.3500,44700
1466009958,221.3700,221.9000,221.3121,221.6700,32600
1466010267,221.5800,221.6200,221.1000,221.2500,27500
1466010553,221.3400,221.5400,221.2000,221.5300,16400
1466010895,221.4099,221.4100,221.0101,221.2500,29500
1466011158,221.3250,221.3900,221.1900,221.3259,6600
1466011496,220.8700,221.3780,220.7700,221.2556,30000
1466011769,220.8724,221.0000,220.7500,220.8300,44000
1466012098,220.8350,221.1600,220.7700,220.8900,23100
1466012351,220.8800,220.8800,220.2600,220.7900,20500
1466012698,220.9050,220.9800,220.7000,220.7800,7900
1466012953,220.8300,220.9700,220.6401,220.9400,15400
1466013240,220.6000,220.9200,220.6000,220.8446,9200
1466013540,220.8300,220.8300,220.5500,220.5800,9400
1466013845,220.6100,221.3400,220.1000,220.9900,44900
1466014140,220.0900,221.2100,220.0100,220.7200,28000
1466014451,219.8600,220.4800,219.8500,220.0900,33200
1466014788,220.0600,220.4300,219.8100,219.9100,26000
1466015041,219.4800,219.9529,219.3200,219.9200,49500
1466015343,219.1500,219.6700,219.1500,219.4771,23800
1466015692,218.8050,219.1300,218.5100,219.0500,49400
1466015942,218.5650,218.9500,218.4200,218.7792,44100
1466016295,218.7800,218.8100,218.5000,218.6000,17100
1466016547,219.0354,219.1030,218.6100,218.7617,28700
1466016845,218.8914,219.2860,218.8200,219.0200,35900
1466017141,218.8300,219.0300,218.6300,218.8400,18400
1466017449,218.6000,218.8700,218.5800,218.8699,15200
1466017782,218.9600,219.1200,218.6300,218.6600,27700
1466018043,218.9800,219.0000,218.6458,218.8400,37300
1466018366,218.6200,218.9400,218.5501,218.9400,17200
1466018640,219.0000,219.0800,218.5400,218.6700,16300
1466018998,218.9700,219.1134,218.7600,219.0700,16000
1466019298,218.6900,219.1400,218.6900,219.0900,29600
1466019546,217.7401,218.7900,217.7200,218.7800,62200
1466019898,217.5700,218.0000,217.5700,217.7300,39100
1466020198,217.5700,217.8900,217.3800,217.5700,46800
1466020499,217.2400,217.7700,217.0500,217.6200,93500
1466020740,217.7000,217.8000,217.0000,217.2100,125300
1466020800,217.7000,217.7000,217.7000,217.7000,79200
1466084040,216.7840,217.5727,215.5000,217.4200,0
1466084340,215.3400,216.9000,214.7200,216.8700,83400
1466084642,215.5000,215.7300,214.9300,215.0900,70400
1466084942,215.0500,215.5500,214.8001,215.4835,90800
1466085243,214.8900,215.2499,214.7100,215.1500,33700
1466085543,213.8500,214.8800,213.7500,214.8522,79700
1466085899,214.1900,214.4400,213.6200,213.8501,44500
1466086198,214.3600,214.3700,213.9000,214.3499,39100
1466086441,215.2400,215.2400,214.1000,214.3500,102200
1466086795,214.5156,215.4599,214.4400,215.3100,65400
1466087044,214.3100,214.7700,214.1001,214.5300,36500
1466087340,214.6885,214.8920,214.2500,214.2500,42200
1466087640,214.0800,214.9099,213.9300,214.8400,47500
1466087995,213.8590,214.4900,213.6500,214.1000,44100
1466088249,214.0100,214.1800,213.8100,213.9000,21500
1466088540,214.1800,214.4090,213.9700,214.1000,34200
1466088840,213.9564,214.1988,213.5000,214.1700,34800
1466089141,214.2601,214.4900,213.9100,213.9305,24200
1466089441,214.5850,214.9900,214.2801,214.2801,42500
1466089741,214.6400,214.8200,214.5101,214.6200,16700
1466090040,214.9900,214.9900,214.4000,214.6100,33000
1466090340,214.5800,215.3200,214.5800,214.9700,43800
1466090648,214.5800,214.7900,214.4500,214.5900,17600
1466090943,215.8700,216.0000,214.6880,214.7800,54000
1466091245,216.1000,216.3500,215.7301,215.9700,41600
1466091555,215.8588,216.2199,215.6014,216.0800,16200
1466091843,215.4500,215.7975,215.2700,215.7600,11800
1466092142,215.6190,215.6700,215.1100,215.4600,18300
1466092448,215.8100,216.0000,215.5200,215.6099,23100
1466092789,215.6200,215.8000,215.4600,215.7100,15200
1466093044,215.5400,215.9100,215.2100,215.5300,22100
1466093343,215.7650,215.8499,215.6087,215.6199,5300
1466093646,215.9408,216.0000,215.5601,215.8100,18800
1466093940,216.5000,216.6000,215.6600,215.8700,34100
1466094255,216.7700,216.8000,216.0905,216.5900,27600
1466094542,216.9100,217.1480,216.6100,216.8400,34700
1466094894,216.3800,217.1700,216.3200,217.0600,21000
1466095195,216.8764,216.8800,216.3432,216.3432,24400
1466095498,217.2400,217.2495,216.4000,216.7300,21600
1466095790,217.2250,217.4550,217.0650,217.1615,39400
1466096047,217.0200,217.1898,216.8001,217.1400,13700
1466096351,217.0000,217.1399,216.8900,217.1200,8000
1466096651,217.6000,217.8800,217.0000,217.0286,33100
1466096997,217.5700,217.7700,217.2200,217.6000,21300
1466097245,217.5600,218.0000,217.3600,217.5250,30300
1466097543,217.6600,217.8800,217.4200,217.5750,19700
1466097873,217.8250,217.9800,217.5801,217.8000,16300
1466098141,217.3250,217.9400,217.1800,217.7500,16100
1466098447,217.0700,217.6010,216.9001,217.3200,13500
1466098740,217.3586,217.3586,216.8700,217.0050,13800
1466099043,217.0000,217.3000,217.0000,217.3000,8100
1466099384,216.6201,217.1100,216.6000,216.9752,21900
1466099642,216.4100,216.8350,216.3421,216.8350,21900
1466099976,216.2989,216.5300,216.2500,216.3801,8300
1466100251,216.9500,217.0000,216.3000,216.3713,20700
1466100559,216.6401,217.0600,216.6401,217.0600,7500
1466100893,217.1500,217.3800,216.8500,216.8500,18400
1466101142,217.6700,217.7400,217.0101,217.1000,13700
1466101447,217.5700,217.7100,217.3100,217.5901,9400
1466101748,216.9066,217.5600,216.8300,217.5600,9300
1466102055,217.0400,217.1952,216.8101,216.8101,7100
1466102340,217.0687,217.1000,216.8800,216.9728,11200
1466102670,217.2700,217.2700,216.8420,216.9000,9300
1466102992,217.1900,217.3400,216.8525,217.2800,17700
1466103277,217.3700,217.5000,217.0101,217.2548,14400
1466103553,217.1600,217.4400,217.0000,217.3500,17600
1466103873,217.2400,217.4798,217.0800,217.0800,9900
1466104140,217.2200,217.2700,217.0000,217.2600,6400
1466104443,217.3338,217.3600,217.1800,217.3400,8900
1466104740,217.3400,217.5200,217.1001,217.3100,17400
1466105061,217.3500,217.3700,217.0200,217.2500,12600
1466105399,217.6800,217.6800,217.2200,217.2600,21100
1466105696,217.7800,217.8000,217.4900,217.7000,24400
1466105977,217.3300,217.7400,217.2900,217.7000,18800
1466106298,217.8400,217.8400,217.3601,217.4800,34600
1466106599,217.9300,218.0000,217.5100,217.7800,49500
1466106841,217.7000,218.0400,217.6019,217.9400,80400
1466107199,217.9300,218.0300,217.7500,217.7600,106400
1466107200,217.9300,217.9300,217.9300,217.9300,43200
1466170497,217.5320,218.4600,217.3240,217.5950,0
1466170753,217.3315,217.8900,217.1000,217.5320,23500
1466171097,219.3700,219.5000,217.2400,217.4560,79800
1466171340,218.6700,219.6525,218.3204,219.3800,57100
1466171695,219.1520,219.5800,218.5200,218.8892,37000
1466171943,219.6900,219.8200,218.5500,219.0400,50600
1466172241,219.2101,219.9900,218.9500,219.6101,36600
1466172544,219.7400,219.7400,219.0401,219.5617,16700
1466172897,219.2000,219.8800,219.1300,219.6350,25600
1466173140,219.6700,219.9391,219.2300,219.2300,15200
1466173441,219.0559,219.7900,218.7800,219.7900,41200
1466173752,218.2400,219.1700,218.1500,219.1680,32700
1466174059,217.7500,218.2800,217.5000,218.2268,56000
1466174369,218.1300,218.4099,217.5300,217.6500,14800
1466174699,217.9100,218.2100,217.6105,218.1100,29900
1466174942,218.7100,218.7500,217.9999,218.0400,23500
1466175256,218.4099,218.7200,218.0201,218.7200,20700
1466175557,218.2950,218.4600,218.1900,218.3518,11200
1466175840,217.5400,218.3600,217.3400,218.1900,29700
1466176187,217.3500,217.5700,217.1500,217.4775,26500
1466176440,217.2500,217.6100,217.1300,217.3566,22300
1466176743,218.0000,218.0000,217.2500,217.2500,33700
1466177041,217.7800,218.4785,217.7800,218.0000,35400
1466177397,217.8690,218.1700,217.4500,217.9600,10100
1466177660,218.0700,218.1400,217.5700,217.7800,19900
1466177999,217.8700,218.0600,217.7300,217.8300,16400
1466178259,218.2200,218.2400,217.8200,217.8200,15300
1466178557,218.3305,218.4600,218.1300,218.2500,25100
1466178899,217.9100,218.4100,217.8800,218.2200,25400
1466179199,217.3500,217.8800,217.3050,217.8800,33200
1466179446,217.3000,217.7400,217.2900,217.3800,33600
1466179740,217.5000,217.6900,217.2900,217.2900,18800
1466180053,217.6200,217.6600,217.3500,217.5500,17800
1466180355,217.6600,217.6600,217.3000,217.6000,17600
1466180697,217.4300,217.6500,217.3401,217.6200,11700
1466180950,217.3500,217.5900,217.2724,217.4300,13300
1466181194,217.5300,217.8476,217.3500,217.4800,26900
1466181567,217.5000,218.0600,217.5000,217.7538,15000
1466181846,217.8650,217.9800,217.5800,217.5800,9500
1466182196,217.6750,217.9200,217.4100,217.6600,17000
1466182484,217.5900,217.7250,217.3800,217.6750,28300
1466182797,217.8400,217.9500,217.4500,217.5300,16500
1466183044,217.7300,217.8750,217.3100,217.7400,19100
1466183340,217.5390,217.7300,217.4500,217.7000,25100
1466183676,217.7300,217.8400,217.3200,217.7700,41300
1466183942,217.7520,217.9700,217.5600,217.7308,14500
1466184259,217.5975,217.7000,217.4200,217.6300,10300
1466184543,217.5500,217.9300,217.5400,217.6250,12900
1466184851,217.6300,217.7700,217.5500,217.5600,13500
1466185145,217.5900,217.8200,217.5500,217.6100,18500
1466185498,218.2000,218.2500,217.7300,217.7300,20300
1466185742,218.7200,218.8800,218.2450,218.2450,39400
1466186099,218.5000,219.0400,218.5000,218.7800,43200
1466186340,218.6000,218.7560,218.2400,218.5000,17400
1466186647,218.0900,218.5599,218.0699,218.5450,21400
1466186945,218.2900,218.2900,217.9100,218.1249,17400
1466187269,218.1900,218.6000,218.1900,218.4000,14900
1466187557,218.2200,218.4800,218.1100,218.1900,6100
1466187897,218.0000,218.2400,217.7660,218.2400,23000
1466188140,217.6588,218.1600,217.4210,218.1600,31900
1466188447,217.5400,217.7700,217.4000,217.6000,12900
1466188780,217.1856,217.5100,217.1500,217.4300,29000
1466189089,217.2500,217.4800,216.8800,217.2322,39300
1466189399,217.0600,217.3970,216.9000,217.3300,24400
1466189697,216.5100,216.9600,216.4600,216.9600,31500
1466189947,216.3400,216.7200,216.2400,216.5100,33500
1466190242,215.6651,216.3600,215.4000,216.3500,64000
1466190540,215.0800,215.6694,215.0600,215.6100,60400
1466190846,214.9800,215.3400,214.6400,215.1000,126000
1466191144,214.7700,215.1100,214.5000,214.9250,63100
1466191499,215.0290,215.0700,214.5600,214.7800,51800
1466191754,215.0400,215.1800,214.8397,215.0300,35200
1466192047,215.0400,215.1100,214.7000,215.0400,30100
1466192341,215.1000,215.2800,214.9200,215.0600,45400
1466192694,215.1300,215.2500,214.9100,215.1400,48400
1466192941,215.2320,215.4300,215.0300,215.1500,67300
1466193299,215.1400,215.4000,215.0200,215.3700,103800
1466193599,215.4800,215.5000,214.9100,215.1700,232600
1466193600,215.3900,215.3900,215.3900,215.3900,3500
1466429640,219.1900,220.3500,219.0000,219.9200,0
1466429940,219.1490,219.5699,218.6500,219.3500,125500
1466430246,219.1500,219.3200,218.3800,219.1200,82300
1466430599,218.5900,219.2900,218.3900,219.1400,53600
1466430840,218.4400,219.1000,218.2300,218.6500,59900
1466431199,219.0600,219.1794,218.4400,218.5100,53000
1466431443,219.3100,219.3189,218.7600,219.0000,79400
1466431741,219.7070,220.0000,219.1700,219.1700,70100
1466432040,219.6125,219.8800,219.5035,219.5800,25500
1466432345,220.0400,220.2000,219.5300,219.6100,49300
1466432641,220.1999,220.2000,219.6700,220.0899,48100
1466432948,220.3500,220.5000,219.8800,220.1097,45300
1466433243,220.7300,220.7300,220.2500,220.3500,69100
1466433544,220.3701,220.9800,220.3701,220.7300,56700
1466433841,220.7700,221.1400,220.1800,220.3700,99900
1466434192,221.9500,221.9500,220.6356,220.6356,72800
1466434440,222.6000,222.6100,221.8400,222.0100,105500
1466434794,222.4200,222.7399,222.2100,222.6000,78200
1466435042,222.3600,222.4500,221.8200,222.3700,51900
1466435342,223.2110,223.2800,222.3800,222.4059,82400
1466435641,223.5560,223.5560,223.0800,223.1000,84800
1466435942,223.6586,223.6800,223.1500,223.5500,41100
1466436299,223.2600,223.7500,223.2500,223.6400,55000
1466436540,223.0800,223.6000,222.9600,223.3450,27700
1466436843,222.8500,223.0720,222.6000,223.0150,51700
1466437199,223.0500,223.1000,222.8440,222.9400,29100
1466437441,223.0900,223.2300,222.8701,223.0900,26000
1466437740,222.7700,223.3900,222.7600,223.0000,36800
1466438043,222.2500,222.9200,222.2200,222.7600,55100
1466438399,222.5500,222.6100,221.8000,222.2400,43300
1466438697,222.2500,222.6622,221.6900,222.6622,53800
1466438999,221.8848,222.2100,221.6300,222.2100,42900
1466439240,221.6900,222.0000,221.5000,221.8400,27300
1466439541,221.8000,221.8450,221.4590,221.6895,22000
1466439854,221.7900,221.8100,221.6100,221.7100,10400
1466440145,221.6800,221.8900,221.5900,221.8100,16100
1466440452,221.7700,221.8600,221.6600,221.7500,11600
1466440741,221.6400,221.8699,221.6000,221.8699,11800
1466441050,221.2200,221.6650,221.1500,221.6400,38300
1466441340,221.0900,221.2500,220.7750,221.1700,46200
1466441649,221.0450,221.2200,220.8300,221.0000,33000
1466441944,220.7300,221.2100,220.6700,221.1200,14100
1466442248,220.8509,220.9600,220.7100,220.7900,16000
1466442540,221.5300,221.5800,220.9000,220.9000,43100
1466442844,221.0200,221.5750,221.0200,221.4600,21800
1466443144,221.0300,221.0700,220.8400,220.9100,19000
1466443463,221.0100,221.2100,220.5025,220.8500,45100
1466443741,220.7100,221.9900,220.5900,221.0600,73700
1466444047,220.7900,221.1100,220.6800,220.8900,15500
1466444398,221.3600,221.3600,220.7900,220.8400,20000
1466444698,221.3700,221.3756,221.0300,221.3300,12200
1466444995,221.4300,222.1100,221.2600,221.3800,50600
1466445299,221.3000,221.7800,221.3000,221.4200,12700
1466445543,221.3400,221.4399,221.1220,221.3300,10800
1466445841,221.3040,221.3600,221.1000,221.2201,17900
1466446197,221.2700,221.3000,221.0909,221.3000,8900
1466446446,221.2615,221.5900,221.0900,221.1000,36400
1466446770,220.8900,221.2700,220.8500,221.2000,19200
1466447062,220.9400,220.9500,220.6901,220.9440,15900
1466447365,220.6400,220.9800,220.5900,220.9800,18500
1466447640,220.2200,220.7700,220.2200,220.5200,17200
1466447942,220.2000,220.5600,220.1100,220.3000,15600
1466448298,220.0500,220.3800,220.0500,220.1700,18700
1466448541,220.7366,220.7983,219.8500,220.1300,33100
1466448841,220.8500,220.8525,220.4850,220.7620,16200
1466449152,220.8700,221.0000,220.7400,220.7400,11600
1466449445,220.9600,220.9600,220.6800,220.8800,13600
1466449742,220.7500,220.9499,220.5600,220.8400,9300
1466450064,220.7500,220.7900,220.5800,220.6900,11800
1466450340,220.5600,220.8000,220.3300,220.8000,18200
1466450647,220.4000,220.7800,220.3500,220.6000,19300
1466450996,219.8000,220.4800,219.7500,220.4200,48900
1466451240,219.9200,220.1300,219.7701,219.8000,32900
1466451543,219.8700,220.0900,219.7900,219.9000,39100
1466451842,220.0495,220.1500,219.7300,219.8700,74400
1466452141,219.8200,220.0450,219.7500,220.0450,46300
1466452444,219.2100,219.8000,219.2054,219.7300,72400
1466452799,219.6800,219.7800,219.2000,219.2100,112700
1466452800,219.7100,219.7100,219.7100,219.7100,100
1466516040,219.6200,221.0000,219.0900,221.0000,0
1466516399,220.3000,220.6800,219.5300,219.5300,60100
1466516641,220.2000,220.6000,219.5110,220.3200,50600
1466516999,221.5100,221.6800,220.0600,220.2000,104200
1466517297,221.9214,222.5690,221.5000,221.7308,97400
1466517542,221.8500,222.1900,221.7400,221.8500,52300
1466517840,220.5650,222.0999,220.3700,221.8000,73200
1466518142,221.0600,221.3100,220.2500,220.4600,48500
1466518452,221.2941,221.7400,221.0200,221.0300,40600
1466518752,221.0500,221.4599,220.5350,221.4599,45900
1466519059,219.9900,221.1685,219.7200,221.1600,63800
1466519347,220.7200,221.0800,219.7900,219.9600,57600
1466519647,220.5665,220.9500,219.9800,220.7300,31300
1466519988,219.9900,220.4500,219.9500,220.4400,38900
1466520240,220.4700,220.4700,219.9000,219.9000,44500
1466520544,219.9900,220.3800,219.6400,220.3800,50100
1466520844,220.4100,220.5200,219.6100,219.9278,40300
1466521196,219.8200,220.4999,219.7700,220.4800,31400
1466521497,220.3800,220.5100,219.6100,219.8200,26800
1466521741,220.5800,220.7399,220.2900,220.4300,37900
1466522098,220.7000,220.7000,220.1101,220.4400,11200
1466522394,220.5999,220.8900,220.4400,220.7000,18500
1466522641,220.5000,220.6900,220.2500,220.6000,19800
1466522942,220.4100,220.6300,220.1200,220.3900,22400
1466523246,219.7700,220.2900,219.5910,220.2100,40800
1466523553,219.8600,219.9000,219.3050,219.8250,77000
1466523840,219.8800,220.4000,219.8150,219.8650,42700
1466524189,219.9300,220.1900,219.7000,219.9200,32900
1466524471,219.5759,220.0700,219.5759,219.9900,12100
1466524740,219.7000,219.9800,219.5400,219.5740,15100
1466525078,219.8200,219.9400,219.7600,219.9099,4600
1466525394,219.7600,219.8000,219.5300,219.8000,18100
1466525648,219.7800,219.7900,219.5700,219.7500,20200
1466525950,219.9150,219.9300,219.6900,219.7900,9400
1466526289,220.1700,220.2400,219.7900,219.8500,17100
1466526557,220.0900,220.2000,219.9500,220.2000,19000
1466526846,220.0500,220.3120,220.0001,220.1200,9900
1466527146,220.0500,220.2400,219.9900,220.0900,12400
1466527490,220.0901,220.3300,220.0350,220.1500,11500
1466527755,220.0500,220.1700,220.0000,220.1340,9000
1466528099,220.0710,220.0710,219.6800,220.0300,38800
1466528343,219.8400,220.1900,219.8300,220.1796,9100
1466528655,219.7900,219.9300,219.7101,219.9300,11700
1466528950,219.8940,219.9500,219.6600,219.7830,17300
1466529242,219.8600,219.9600,219.6401,219.8300,12300
1466529596,219.9520,220.0100,219.8300,219.8300,4200
1466529847,219.7150,219.8800,219.6800,219.8800,12900
1466530146,219.7700,219.9000,219.6670,219.7060,9600
1466530453,219.5900,219.9000,219.4500,219.8200,23300
1466530749,219.2500,219.6200,219.0800,219.6100,37900
1466531048,218.9650,219.2500,218.8520,219.2400,41900
1466531343,218.9400,219.2090,218.8300,219.1100,23500
1466531648,218.8900,219.0800,218.8100,218.9124,26200
1466531949,219.3900,219.4900,218.9200,218.9200,24700
1466532259,219.4874,219.5700,219.2900,219.4700,14300
1466532599,219.7599,219.7611,219.3100,219.5645,14100
1466532842,219.7500,219.9000,219.4901,219.6100,10500
1466533144,219.6200,219.9400,219.6200,219.7809,13800
1466533443,219.5600,219.7600,219.5500,219.6200,10400
1466533799,219.6199,219.7100,219.5000,219.6700,11200
1466534049,219.8050,219.8050,219.5500,219.6700,9400
1466534346,220.1200,220.3000,219.6700,219.7300,40000
1466534646,220.3232,220.4000,220.1501,220.1600,22000
1466534948,220.2875,220.5775,220.2800,220.3399,20000
1466535254,220.1200,220.3160,220.1200,220.1801,7600
1466535563,220.3500,220.4600,220.0903,220.0903,7400
1466535847,219.7720,220.3500,219.7720,220.3000,12300
1466536167,219.9700,220.1523,219.8010,219.8010,6400
1466536446,220.1000,220.2000,219.9301,219.9700,17300
1466536770,220.3400,220.5200,220.0701,220.0701,15100
1466537044,220.4499,220.5500,220.2420,220.3400,17800
1466537392,220.3300,220.5400,220.2600,220.4100,20600
1466537658,220.1500,220.4300,220.0700,220.3826,45600
1466537998,220.2900,220.4700,220.0600,220.0600,22500
1466538246,219.9700,220.3040,219.8500,220.3040,19600
1466538542,219.8200,220.0800,219.8000,219.9400,49700
1466538899,219.7200,220.0000,219.7000,219.9600,44300
1466539140,219.5300,219.8500,219.5300,219.7200,734600
1466539200,219.6100,219.6100,219.6100,219.6100,0
1466602440,199.7700,200.0200,198.0000,199.4700,108400
1466602740,203.1200,203.2000,199.7600,199.8150,1357300
1466603099,203.9674,204.5978,201.9400,203.1200,1144700
1466603340,201.0700,204.4199,200.7400,203.9800,997200
1466603640,200.5740,201.9400,200.1600,201.1800,626700
1466603999,200.0900,201.7600,200.0000,200.6400,545100
1466604299,199.8700,200.7800,198.6000,200.1400,755300
1466604540,200.6100,201.2100,199.2600,199.8800,431600
1466604899,200.9299,200.9700,199.9100,200.7380,1220300
1466605140,201.4100,201.9200,200.5900,200.8200,314900
1466605440,200.8207,201.5000,200.1600,201.4999,201500
1466605740,200.9550,201.6000,200.5800,200.8853,211300
1466606040,201.9600,202.0000,200.6500,200.9500,208600
1466606399,201.4500,202.0000,201.2300,201.8800,209300
1466606641,201.2100,201.7000,200.9600,201.5099,169900
1466606940,202.3950,202.4500,201.0200,201.3965,240400
1466607240,203.4000,203.5500,202.3100,202.3950,363800
1466607542,204.6200,204.6800,203.2965,203.3900,396000
1466607899,205.3050,205.9500,204.3500,204.5700,436300
1466608140,203.7800,205.6400,203.5400,205.3750,368400
1466608499,203.5200,204.1700,203.3000,203.8492,200400
1466608742,204.7700,204.8500,203.5290,203.5600,147100
1466609041,203.8600,205.2200,203.8600,204.7700,199700
1466609341,203.6500,204.2200,203.5500,203.8500,119600
1466609640,202.4100,203.7000,202.2500,203.7000,239000
1466609940,203.2400,203.6100,202.4300,202.4900,240300
1466610299,203.3200,203.4590,202.5600,203.1400,113300
1466610543,202.9499,203.5900,202.6800,203.3002,93200
1466610840,202.3131,202.8150,201.6540,202.7330,234600
1466611199,202.2900,202.9247,202.1200,202.3800,83800
1466611440,201.4800,202.3100,201.3000,202.2900,179600
1466611799,201.0000,201.4200,200.6300,201.4200,262000
1466612041,200.0140,201.1500,199.7200,201.0900,440900
1466612399,200.3200,200.5800,199.6300,199.9300,295500
1466612641,199.9650,200.4900,199.8350,200.2500,129300
1466612940,200.6300,200.8899,199.9800,200.0000,95800
1466613240,200.0348,200.5100,200.0000,200.5100,133600
1466613599,199.1800,200.0961,199.1300,200.0600,215800
1466613841,199.3100,199.8600,199.1500,199.2200,185000
1466614140,199.9300,200.1800,199.2800,199.2860,165100
1466614440,200.3900,200.9900,199.9266,199.9300,157000
1466614746,200.9600,201.0000,200.1000,200.3330,125100
1466615041,200.9900,201.2900,200.6000,200.9400,105500
1466615340,200.3500,201.1110,200.1084,201.0400,81000
1466615640,200.3450,200.6400,199.9000,200.4400,137000
1466615943,200.3300,200.5200,200.0000,200.3900,55100
1466616249,200.0400,200.5000,200.0198,200.1800,62000
1466616599,200.3500,200.4600,200.0100,200.0400,41800
1466616840,200.5000,200.8000,200.2300,200.2700,71600
1466617140,199.8500,200.6099,199.7800,200.5840,94100
1466617440,199.9000,200.1900,199.7300,199.8500,141700
1466617740,199.6700,199.9700,199.2500,199.8600,199800
1466618041,199.6200,199.9500,199.4100,199.6800,88600
1466618340,199.2900,199.7000,199.1800,199.5700,86100
1466618640,199.7850,200.0500,199.3700,199.3700,133100
1466618940,199.9317,200.0700,199.7402,199.8400,108100
1466619242,199.9000,200.0700,199.6200,199.9400,65700
1466619542,199.7800,200.4200,199.7240,199.8760,94600
1466619842,199.6600,199.8599,199.2500,199.7400,90300
1466620144,199.3500,199.7700,199.3500,199.5800,56400
1466620442,199.1200,199.4900,198.8000,199.3100,197500
1466620740,198.7200,199.2400,198.3800,199.0901,182900
1466621040,198.0800,198.7400,197.6201,198.6850,297100
1466621341,197.7725,198.2000,197.6500,198.1793,198700
1466621640,197.0100,197.7800,197.0000,197.7400,263000
1466621940,197.3812,197.5000,196.7200,197.0000,240100
1466622240,197.1500,197.6400,197.0000,197.4295,150200
1466622540,196.0100,197.1600,196.0000,197.1500,332800
1466622899,196.3400,196.4600,195.7600,196.0100,322200
1466623140,196.2200,196.7500,196.0000,196.3700,243000
1466623499,196.1510,196.3000,195.7500,196.2200,201800
1466623799,196.3316,196.8800,196.0100,196.1300,122900
1466624043,196.4001,196.9000,196.2800,196.2800,192400
1466624340,197.3499,197.3499,196.2001,196.4100,149700
1466624640,196.8800,197.4700,196.6700,197.3100,256300
1466624940,196.0400,196.9200,196.0000,196.8600,247200
1466625240,196.1700,196.6100,196.0000,196.0700,344400
1466625599,196.6600,196.8100,196.1600,196.1700,467400
1466625600,196.6600,196.6600,196.6600,196.6600,135100
1466688840,193.7699,195.6900,193.7000,195.5000,0
1466689140,192.2750,193.9700,192.2200,193.7420,644500
1466689441,193.1500,193.5000,192.1300,192.2700,387600
1466689740,193.4800,193.7700,192.8600,193.1200,206100
1466690099,193.0600,193.7400,192.7901,193.4600,172000
1466690340,192.6599,193.3199,192.5000,193.0800,189400
1466690699,194.4500,194.5300,192.4500,192.6700,252300
1466690940,195.2601,195.4400,193.8210,194.2784,275300
1466691240,194.9000,195.7000,194.7132,195.3000,277500
1466691540,194.8600,195.4400,194.6600,194.8950,117300
1466691840,196.5100,196.6000,194.7500,194.8636,241700
1466692140,197.0550,197.5500,196.2301,196.5000,285500
1466692440,196.3472,197.1000,196.1900,197.1000,164000
1466692740,195.8700,196.4500,195.7400,196.3900,100300
1466693040,196.0500,196.4500,195.9100,195.9700,139400
1466693399,195.4500,196.0000,194.8200,195.9700,174200
1466693640,195.0400,195.4500,194.7001,195.4000,81000
1466693941,195.2000,195.5700,194.9400,195.0950,78400
1466694241,194.9000,195.4000,194.8701,195.1500,45600
1466694541,195.0300,195.2599,194.7743,195.0000,41800
1466694840,194.0600,194.9700,194.0100,194.9700,160300
1466695140,194.0900,194.4400,194.0100,194.0600,107700
1466695440,194.0700,194.2500,194.0000,194.1200,96800
1466695740,194.3873,194.5399,194.0300,194.1000,91300
1466696041,194.1400,194.5000,194.1300,194.3104,55400
1466696340,194.3220,194.3700,194.0400,194.1800,65900
1466696699,193.7000,194.3400,193.6001,194.2770,138200
1466696940,193.7500,193.8500,193.5000,193.7200,117800
1466697243,193.1679,193.8400,193.1000,193.7700,162000
1466697540,193.2986,193.3800,193.0000,193.0900,112500
1466697842,193.1200,193.3743,193.0700,193.3100,94400
1466698142,194.4400,194.5500,193.1100,193.1232,137800
1466698441,194.8846,195.2000,194.2500,194.4900,105800
1466698799,194.9870,195.3200,194.7301,194.9100,125700
1466699045,194.5700,195.2311,194.5030,195.0532,87200
1466699344,195.0625,195.2600,194.5772,194.5772,58000
1466699640,194.6926,195.1500,194.6926,195.0000,44600
1466699941,194.2300,194.6800,194.0701,194.6800,80200
1466700245,194.2200,194.3498,194.1100,194.2513,41700
1466700548,194.7752,195.0000,194.2100,194.2500,86100
1466700847,194.9900,195.1500,194.7800,194.8100,51100
1466701140,194.8932,195.1500,194.8000,195.0300,46300
1466701441,195.1280,195.1500,194.8801,194.8801,50400
1466701753,195.4100,195.4900,195.0500,195.1100,60000
1466702044,195.2800,195.4400,195.1400,195.4400,49000
1466702347,196.2800,196.2800,195.2601,195.2601,70600
1466702699,196.5100,196.5100,196.0700,196.2650,114100
1466702940,196.5540,196.7500,196.3700,196.5100,81400
1466703298,196.2850,196.8692,196.0000,196.5380,87000
1466703546,195.9800,196.2900,195.7710,196.2850,70100
1466703898,196.6000,196.7500,195.9700,196.0100,107900
1466704142,196.4500,196.6099,196.2500,196.5400,47500
1466704442,195.0300,196.4500,195.0100,196.4000,115800
1466704741,195.2780,195.3900,195.0100,195.0740,36200
1466705043,195.1400,195.3500,195.0000,195.3500,37500
1466705353,194.6700,195.1800,194.6500,195.1798,46200
1466705697,194.9100,195.1600,194.6800,194.7299,48200
1466705944,194.5200,194.8400,194.3500,194.8400,77700
1466706248,194.6900,194.8899,194.4900,194.5300,35100
1466706540,194.4400,194.7700,194.4000,194.7250,34100
1466706899,194.0900,194.5550,194.0900,194.4505,90700
1466707140,194.3200,194.4618,194.0300,194.1500,49400
1466707440,194.6800,194.8000,194.2200,194.3299,49000
1466707740,195.1220,195.1599,194.6300,194.6800,74500
1466708044,194.9590,195.4000,194.9300,195.1157,55400
1466708348,194.9500,195.1100,194.6801,194.9900,46700
1466708640,194.8410,195.2300,194.8300,194.9500,55400
1466708995,195.1000,195.1500,194.7201,194.8400,66700
1466709240,195.0700,195.1300,195.0000,195.1100,56400
1466709542,195.1100,195.1300,195.0400,195.0500,70800
1466709840,195.0000,195.3700,195.0000,195.1000,100200
1466710199,195.3700,195.5900,194.9300,195.0000,114600
1466710442,195.9200,196.0000,195.3000,195.4000,97500
1466710742,195.7600,195.9200,195.5100,195.9200,66200
1466711042,195.9935,196.0000,195.6200,195.7300,88900
1466711340,196.4979,196.5000,195.9800,196.0000,134100
1466711640,196.2100,196.7000,196.2100,196.4700,188700
1466711940,196.3549,196.5796,196.1200,196.2200,212700
1466712000,196.4000,196.4000,196.3500,196.3500,5000
1466775242,192.2000,194.0000,190.0100,190.4000,0
1466775541,193.1750,193.3000,191.7400,191.8770,175300
1466775899,194.9000,194.9600,192.9000,193.1200,238400
1466776146,193.8000,194.7800,193.2100,194.6200,417100
1466776444,193.8800,193.9800,193.0000,193.8550,131900
1466776740,194.0750,194.9400,193.6600,193.7901,135500
1466777099,194.6180,195.1200,194.1950,194.4500,166500
1466777347,194.6233,194.7500,194.0301,194.6200,85000
1466777640,193.8200,194.9700,193.8200,194.5100,109000
1466777960,193.7200,194.2724,193.5000,193.7900,97500
1466778299,193.1100,193.9800,193.0000,193.8850,69300
1466778540,193.7400,193.7900,193.0000,193.2500,86300
1466778842,193.6200,194.0899,193.3780,193.6900,74900
1466779145,193.8800,193.8900,193.2600,193.5600,69400
1466779441,193.7900,193.9400,193.4500,193.7300,43500
1466779740,193.8900,193.9000,193.5000,193.8899,43600
1466780040,193.6800,194.0500,193.5000,193.8800,48400
1466780340,193.0400,193.7600,192.9000,193.7100,83700
1466780642,192.8550,193.1100,192.5000,193.0300,100800
1466780942,192.8400,193.1490,192.6100,192.8500,74100
1466781243,192.7200,193.0500,192.5900,192.7963,49300
1466781549,192.5600,192.8889,192.4800,192.8000,66200
1466781891,192.6900,192.7400,192.3400,192.5600,60200
1466782199,193.2600,193.3500,192.6240,192.6541,56900
1466782486,192.6500,193.3300,192.6500,193.2600,25800
1466782741,192.7500,192.9599,192.4500,192.8600,27100
