20150624,45.6400,46.2500,45.5500,45.6700,34890900
20150625,45.6500,46.0600,45.5000,46.0300,20616000
20150626,45.2600,46.2800,45.0300,45.6500,49835300
20150629,44.3700,45.2300,44.3600,45.0400,34081700
20150630,44.1500,44.7200,43.9400,44.7100,35945400
20150701,44.4500,45.2300,44.1000,44.4600,28343900
20150702,44.4000,44.7500,44.0600,44.4800,21752000
20150706,44.3900,44.4800,43.9500,43.9600,23034000
20150707,44.3000,44.4900,43.3200,44.3400,36435800
20150708,44.2400,44.9000,44.0300,44.4400,39785900
20150709,44.5200,45.2200,44.5000,44.7500,32424700
20150710,44.6100,45.1400,44.5700,45.0100,25465800
20150713,45.5400,45.6200,44.9500,44.9800,28178300
20150714,45.6200,45.9600,45.3100,45.4500,22880300
20150715,45.7600,45.8900,45.4300,45.6800,26629600
20150716,46.6600,46.6900,45.9700,46.0100,26271700
20150717,46.6200,46.7800,46.2600,46.5500,29467100
20150720,46.9200,47.1300,46.4400,46.6500,30631900
20150721,47.2800,47.3300,46.4800,46.7800,42781900
20150722,45.5400,46.9300,45.2000,45.4400,59152400
20150723,46.1100,46.2300,45.1000,45.2700,33934000
20150724,45.9400,46.3200,45.8000,45.9100,32333200
20150727,45.3500,46.0100,45.2500,45.9400,39701400
20150728,45.3400,45.6400,44.7900,45.5800,34328900
20150729,46.2900,46.7800,45.2600,45.4000,40945900
20150730,46.8800,47.4000,45.9300,46.2600,39777900
20150731,46.7000,47.3700,46.5000,47.2900,31201500
20150803,46.8100,47.0000,46.4500,46.9800,24125900
20150804,47.5400,47.7100,46.6800,46.7500,33403900
20150805,47.5800,48.4100,47.5400,47.9800,26959700
20150806,46.6200,47.7700,46.3300,47.7100,27368000
20150807,46.7400,46.7800,46.2600,46.3900,19163000
20150810,47.3300,47.4900,46.8400,46.9500,23079900
20150811,46.4100,46.9400,45.9000,46.8200,29237400
20150812,46.7400,46.9000,45.7100,46.1900,30181400
20150813,46.7300,47.1000,46.4900,47.0600,22627200
20150814,47.0000,47.1000,46.5200,46.5300,21473400
20150817,47.3200,47.4500,46.5700,46.8100,21099700
20150818,47.2700,47.4300,46.7000,46.8400,23574100
20150819,46.6100,47.0800,46.3000,46.7800,31485500
20150820,45.6600,46.4700,45.6600,46.0700,36238200
20150821,43.0700,45.4800,43.0700,45.3000,70053104
20150824,41.6800,42.6900,39.7200,40.4500,88753696
20150825,40.4700,43.2400,40.3900,42.5700,70616600
20150826,42.7100,42.8400,41.0600,42.0100,63408000
20150827,43.9000,43.9500,42.9300,43.2300,50943200
20150828,43.9300,44.1500,43.3900,43.4000,28246700
20150831,43.5200,43.9300,43.1000,43.5600,34441700
20150901,41.8200,42.5900,41.6600,42.1700,49688900
20150902,43.3600,43.3800,41.8800,42.3600,37671500
20150903,43.5000,43.9800,43.2800,43.4100,28285200
20150904,42.6100,43.0400,42.2000,42.8100,37138800
20150908,43.8900,44.0000,43.2000,43.3000,32469800
20150909,43.0700,44.4000,42.9100,44.2100,33469500
20150910,43.2900,43.7900,42.7500,43.1200,31366600
20150911,43.4800,43.5900,42.9400,43.1400,27132500
20150914,43.0400,43.4400,42.8600,43.4300,23656000
20150915,43.9800,44.2900,43.0800,43.1900,28882200
20150916,44.3000,44.3800,43.8400,43.9700,23372200
20150917,44.2500,45.0000,44.0800,44.2900,32768200
20150918,43.4800,43.9900,43.3300,43.5000,63143700
20150921,44.1100,44.4700,43.6000,43.6200,26177200
20150922,43.9000,44.0500,43.3100,43.3800,28085900
20150923,43.8700,44.1700,43.5100,43.9300,17145200
20150924,43.9100,44.1300,43.2700,43.4500,27905600
20150925,43.9400,44.7300,43.7600,44.4800,29384600
20150928,43.2900,44.0900,43.2100,43.8300,27613800
20150929,43.4400,43.5700,43.0500,43.3700,32763600
20150930,44.2600,44.3000,43.6600,43.8800,34958900
20151001,44.6100,44.7500,43.7500,44.7500,28657900
20151002,45.5700,45.5700,43.9200,44.2700,41839000
20151005,46.6300,46.8900,45.7000,45.7500,34369300
20151006,46.7500,47.1800,46.2200,46.3300,27510800
20151007,46.8000,47.3500,45.9500,47.1000,27711500
20151008,47.4500,47.5200,46.5000,46.5600,33772700
20151009,47.1100,47.5400,46.9200,47.4500,28600600
20151012,47.0000,47.0700,46.5000,46.9800,19769100
20151013,46.8900,47.1300,46.5600,46.5600,19987800
20151014,46.6800,47.1000,46.5300,46.6500,24697800
20151015,47.0100,47.0300,46.5300,47.0100,27189400
20151016,47.5100,47.5400,46.9000,47.0200,25779300
20151019,47.6200,47.8800,47.0200,47.4200,29387600
20151020,47.7700,47.8100,47.0200,47.4400,30802200
20151021,47.2000,47.9900,47.1100,47.9200,25144300
20151022,48.0300,48.9500,47.0900,47.5300,56637100
20151023,52.8700,54.0700,52.2500,52.3000,135227104
20151026,54.2500,54.3200,52.5000,52.5300,64633300
20151027,53.6900,54.3700,53.5800,53.9900,50999900
20151028,53.9800,53.9800,52.8600,53.5400,47000800
20151029,53.3600,53.8300,53.2200,53.5400,30202100
20151030,52.6400,53.9900,52.6200,53.3200,46619800
20151102,53.2400,53.3600,52.6200,52.8500,30285000
20151103,54.1500,54.3900,52.9000,52.9300,36596900
20151104,54.4000,54.8800,54.0600,54.1800,37087800
20151105,54.3800,54.7000,54.0000,54.4900,31468500
20151106,54.9200,54.9800,53.9600,54.0900,32851200
20151109,54.1600,54.8700,53.5600,54.5500,32513100
20151110,53.5100,54.1300,53.2700,54.0700,55283700
20151111,53.6500,54.2000,53.4600,53.7000,36516300
20151112,53.3200,53.9800,53.1900,53.4800,35361100
20151113,52.8400,53.2900,52.5300,53.0700,36848200
20151116,53.7700,53.8900,52.8500,53.0800,32165200
20151117,52.9700,53.5300,52.8500,53.1700,31551300
20151118,53.8500,53.9800,52.9800,53.0000,29710000
20151119,53.9400,54.6600,53.7800,53.9900,28149200
20151120,54.1900,54.3000,53.2700,54.2500,37147600
20151123,54.1900,54.4600,53.7500,54.2500,28235900
20151124,54.2500,54.4400,53.5800,53.9200,24600000
20151125,53.6900,54.2300,53.6900,54.0900,21005100
20151127,53.9300,54.0800,53.7900,53.8000,9009100
20151130,54.3500,54.9600,54.0000,54.5400,56241400
20151201,55.2200,55.2300,54.3000,54.4100,39952800
20151202,55.2100,55.9600,55.0600,55.3200,47274900
20151203,54.2000,55.7700,53.9300,55.4900,38627800
20151204,55.9100,56.2300,54.1000,54.1200,43963700
20151207,55.8100,55.9700,55.2900,55.7900,30709800
20151208,55.7900,56.1000,54.9900,55.4700,32878000
20151209,54.9800,55.8700,54.5100,55.3700,36373200
20151210,55.2700,55.6600,55.0100,55.3900,31775800
20151211,54.0600,55.1000,54.0100,54.7100,39549500
20151214,55.1400,55.2100,53.6800,54.3300,46768900
20151215,55.2000,55.9000,55.0900,55.6600,39459000
20151216,56.1300,56.2500,54.7600,55.5400,37503300
20151217,55.7000,56.7900,55.5300,56.3600,41280900
20151218,54.1300,56.0000,54.0300,55.7700,84684200
20151221,54.8300,55.3500,54.2300,54.8800,37246300
20151222,55.3500,55.4800,54.5000,54.9900,28322200
20151223,55.8200,55.8800,55.4400,55.7000,27279800
20151224,55.6700,55.9600,55.4300,55.8600,9570000
20151228,55.9500,55.9500,54.9800,55.3500,22458300
20151229,56.5500,56.8500,56.0600,56.2900,27731400
20151230,56.3100,56.7800,56.2900,56.4700,21704500
20151231,55.4800,56.1900,55.4200,56.0400,27334100
20160104,54.8000,54.8000,53.3900,54.3200,53778000
20160105,55.0500,55.3900,54.5400,54.9300,34079700
20160106,54.0500,54.4000,53.6400,54.3200,39518900
20160107,52.1700,53.4900,52.0700,52.7000,56564900
20160108,52.3300,53.2800,52.1500,52.3700,48754000
20160111,52.3000,52.8500,51.4600,52.5100,36943800
20160112,52.7800,53.1000,52.0600,52.7600,36095500
20160113,51.6400,54.0700,51.3000,53.8000,66883600
20160114,53.1100,53.4200,51.5700,52.0000,52381900
20160115,50.9900,51.9700,50.3400,51.3100,71820704
20160119,50.5600,51.6800,50.0600,51.4800,43564500
20160120,50.7900,51.3800,49.1000,49.9800,63273000
20160121,50.4800,51.5800,50.3000,51.0000,40191200
20160122,52.2900,52.3300,51.2600,51.4100,37555800
20160125,51.7900,52.6500,51.6500,51.9400,34707700
20160126,52.1700,52.4400,51.5500,51.7900,28900800
20160127,51.2200,52.2000,51.0200,52.0100,36775200
20160128,52.0600,52.2100,51.2500,51.8600,62513800
20160129,55.0900,55.0900,54.0000,54.7300,83611696
20160201,54.7100,55.0900,54.5000,54.8800,44208500
20160202,53.0000,54.2600,52.6500,54.1700,56313800
20160203,52.1600,53.3900,51.2600,53.2500,57559800
20160204,52.0000,52.8100,51.3700,52.1000,46987100
20160205,50.1600,52.0000,49.5600,51.9400,62009000
20160208,49.4100,49.5700,48.1900,49.5500,59290500
20160209,49.2800,50.2400,48.6700,49.0200,46740500
20160210,49.7100,50.3900,49.5200,49.8900,38237000
20160211,49.6900,50.1100,48.5100,48.6800,48878600
20160212,50.5000,50.6800,49.7500,50.2500,34243300
20160216,51.0900,51.0900,50.1300,50.9000,37291200
20160217,52.4200,52.7700,51.4500,51.4900,40789000
20160218,52.1900,52.9500,52.1000,52.3300,27176000
20160219,51.8200,52.2800,51.5300,51.9700,33559100
20160222,52.6500,53.0000,52.2800,52.2800,25008300
20160223,51.1800,52.3700,50.9800,52.3400,28895300
20160224,51.3600,51.5000,50.2000,50.6900,33014500
20160225,52.1000,52.1000,50.6100,51.7300,26939500
20160226,51.3000,52.6800,51.1000,52.6000,35975900
20160229,50.8800,51.6500,50.6600,51.3500,31654000
20160301,52.5800,52.5900,50.9200,50.9700,33024500
20160302,52.9500,52.9600,52.1600,52.4100,29289900
20160303,52.3500,52.9700,51.7800,52.9700,24427800
20160304,52.0300,52.4500,51.7100,52.4000,33034200
20160307,51.0300,51.8000,50.5800,51.5600,38407800
20160308,51.6500,52.1300,50.6000,50.8000,33835100
20160309,52.8400,52.8500,51.8600,51.8900,28251600
20160310,52.0500,52.9400,51.1600,52.9300,38387800
20160311,53.0700,53.0700,52.3800,53.0000,32275700
20160314,53.1700,53.5900,52.6300,52.7100,24083600
20160315,53.5900,53.5900,52.7400,52.7500,21104800
20160316,54.3500,54.6000,53.4000,53.4500,31691700
20160317,54.6600,55.0000,54.0000,54.2100,28223900
20160318,53.4900,54.9700,53.4500,54.9200,67625504
20160321,53.8600,53.9300,52.9300,53.2500,23925700
20160322,54.0700,54.2500,53.4600,53.6100,23124100
20160323,53.9700,54.2400,53.7400,54.1100,20129000
20160324,54.2100,54.3300,53.7300,53.8400,19950000
20160328,53.5400,54.2900,53.3300,54.2100,17025100
20160329,54.7100,54.8600,53.4500,53.6600,23924300
20160330,55.0500,55.6400,54.9000,54.9300,23008300
20160331,55.2300,55.5900,54.8600,54.9500,26360500
20160401,55.5700,55.6100,54.5700,55.0500,24399200
20160404,55.4300,55.6600,55.0000,55.4300,18928800
20160405,54.5600,55.3000,54.4600,55.1900,19272300
20160406,55.1200,55.2000,54.2100,54.3600,21188700
20160407,54.4600,54.9100,54.2300,54.8700,19225100
20160408,54.4200,55.2800,54.3200,54.6700,22167200
20160411,54.3100,55.1500,54.3000,54.4900,21414200
20160412,54.6500,54.7800,53.7600,54.3700,24944300
20160413,55.3500,55.4400,54.8900,55.1200,20818000
20160414,55.3600,55.5800,55.0700,55.2200,20877100
20160415,55.6500,55.9200,55.1100,55.3000,28793800
20160418,56.4600,56.5900,55.2100,55.4900,23786000
20160419,56.3900,56.7700,55.6800,56.6300,29596800
20160420,55.5900,56.5000,55.4900,56.2900,36195700
20160421,55.7800,56.2300,55.4200,55.8000,38909100
20160422,51.7800,52.4300,50.7700,51.9100,126834096
20160425,52.1100,52.1300,51.6300,51.7800,33226900
20160426,51.4400,52.3500,51.0900,52.2600,33532600
20160427,50.9400,51.5000,50.5500,51.4800,43369300
20160428,49.9000,50.7700,49.5600,50.6200,43134800
20160429,49.8700,50.2500,49.3500,49.3500,48411700
20160502,50.6100,50.7500,49.7800,50.0000,33114500
20160503,49.7800,50.4100,49.6000,50.3400,26460200
20160504,49.8700,50.0600,49.4600,49.8400,24257600
20160505,49.9400,50.3000,49.7300,49.8700,25390700
20160506,50.3900,50.3900,49.6600,49.9200,24787300
20160509,50.0700,50.5900,50.0000,50.4900,17951600
20160510,51.0200,51.1000,50.1900,50.3300,22891000
20160511,51.0500,51.7800,51.0000,51.1300,24039100
20160512,51.5100,51.8100,50.9200,51.2000,24102800
20160513,51.0800,51.9000,51.0400,51.4400,22592300
20160516,51.8300,51.9600,50.7500,50.8000,20032000
20160517,50.5100,51.7300,50.3600,51.7200,27803500
20160518,50.8100,51.1400,50.3000,50.4800,24907500
20160519,50.3200,50.6200,49.8200,50.4700,23842400
20160520,50.6200,51.2200,50.4000,50.4800,23692400
20160523,50.0300,50.6800,49.9800,50.6000,25999700
20160524,51.5900,51.7100,50.4000,50.7000,34621600
20160525,52.1200,52.4900,51.7900,51.9200,24040200
20160526,51.8900,51.9800,51.3600,51.9300,24182900
20160527,52.3200,52.3200,51.7700,51.9200,17653700
20160531,53.0000,53.0000,52.0800,52.2600,37137700
20160601,52.8500,52.9500,52.4400,52.4400,24772900
20160602,52.4800,52.7400,51.8400,52.6400,22565300
20160603,51.7900,52.4200,51.6000,52.3800,23081300
20160606,52.1300,52.3500,51.8900,51.9900,18109300
20160607,52.1000,52.7300,52.1000,52.2400,20794000
20160608,52.0400,52.4400,51.8700,52.0200,21089400
20160609,51.6200,52.0000,51.4900,52.0000,20203000
20160610,51.4800,52.0500,51.0400,51.0500,25698900
20160613,50.1400,50.7200,49.0600,49.5800,82852600
20160614,49.8300,50.1000,49.5700,49.9000,42159100
20160615,49.6900,50.1200,49.6900,49.7800,33559600
20160616,50.3900,50.4700,49.5100,49.5200,31101800
20160617,50.1300,50.4300,49.8200,50.4100,45670500
20160620,50.0700,50.8300,50.0300,50.6400,35559500
20160621,51.1900,51.4300,50.1600,50.2000,33989400
20160622,50.9900,51.4600,50.9500,51.0800,28713300
